Pix_x	Pix_y	GLat(deg)	GLong(deg)	T(K)
0	0	0.21471	105.63808	14.85
1	0	0.21471	105.63530	14.78
2	0	0.21471	105.63253	14.79
3	0	0.21471	105.62975	14.67
4	0	0.21471	105.62697	14.55
5	0	0.21471	105.62419	14.53
6	0	0.21471	105.62142	14.71
7	0	0.21471	105.61864	14.97
8	0	0.21471	105.61586	15.20
9	0	0.21471	105.61308	15.27
10	0	0.21471	105.61030	15.32
11	0	0.21471	105.60753	15.33
12	0	0.21471	105.60475	15.13
13	0	0.21471	105.60197	15.22
14	0	0.21471	105.59919	15.21
15	0	0.21471	105.59642	15.26
16	0	0.21471	105.59364	15.27
17	0	0.21471	105.59086	15.44
18	0	0.21471	105.58808	15.47
19	0	0.21471	105.58530	15.42
20	0	0.21471	105.58253	15.32
21	0	0.21471	105.57975	15.25
22	0	0.21471	105.57697	15.18
23	0	0.21471	105.57419	15.17
24	0	0.21471	105.57142	15.09
25	0	0.21471	105.56864	15.36
26	0	0.21471	105.56586	15.31
27	0	0.21471	105.56308	14.97
28	0	0.21471	105.56030	15.06
29	0	0.21471	105.55753	15.14
30	0	0.21471	105.55475	15.04
31	0	0.21471	105.55197	15.17
32	0	0.21471	105.54919	15.18
33	0	0.21471	105.54642	15.39
34	0	0.21471	105.54364	15.48
35	0	0.21471	105.54086	15.70
36	0	0.21471	105.53808	15.90
37	0	0.21471	105.53530	15.81
38	0	0.21471	105.53253	15.91
39	0	0.21471	105.52975	16.17
40	0	0.21471	105.52697	16.33
41	0	0.21471	105.52419	16.33
42	0	0.21471	105.52142	16.53
43	0	0.21471	105.51864	17.10
44	0	0.21471	105.51586	17.42
45	0	0.21471	105.51308	17.41
46	0	0.21471	105.51030	16.38
47	0	0.21471	105.50753	16.13
48	0	0.21471	105.50475	17.90
49	0	0.21471	105.50197	17.29
0	1	0.21748	105.63808	14.83
1	1	0.21748	105.63530	14.84
2	1	0.21748	105.63253	14.88
3	1	0.21748	105.62975	14.63
4	1	0.21748	105.62697	14.51
5	1	0.21748	105.62419	14.55
6	1	0.21748	105.62142	14.72
7	1	0.21748	105.61864	14.96
8	1	0.21748	105.61586	15.21
9	1	0.21748	105.61308	15.33
10	1	0.21748	105.61030	15.34
11	1	0.21748	105.60753	15.41
12	1	0.21748	105.60475	15.28
13	1	0.21748	105.60197	15.32
14	1	0.21748	105.59919	15.32
15	1	0.21748	105.59642	15.55
16	1	0.21748	105.59364	15.39
17	1	0.21748	105.59086	15.49
18	1	0.21748	105.58808	15.70
19	1	0.21748	105.58530	15.45
20	1	0.21748	105.58253	15.20
21	1	0.21748	105.57975	15.17
22	1	0.21748	105.57697	15.24
23	1	0.21748	105.57419	15.20
24	1	0.21748	105.57142	15.14
25	1	0.21748	105.56864	15.34
26	1	0.21748	105.56586	15.28
27	1	0.21748	105.56308	14.94
28	1	0.21748	105.56030	15.13
29	1	0.21748	105.55753	15.14
30	1	0.21748	105.55475	15.10
31	1	0.21748	105.55197	15.21
32	1	0.21748	105.54919	15.16
33	1	0.21748	105.54642	15.41
34	1	0.21748	105.54364	15.48
35	1	0.21748	105.54086	15.68
36	1	0.21748	105.53808	15.85
37	1	0.21748	105.53530	15.85
38	1	0.21748	105.53253	16.01
39	1	0.21748	105.52975	16.24
40	1	0.21748	105.52697	16.38
41	1	0.21748	105.52419	16.64
42	1	0.21748	105.52142	16.93
43	1	0.21748	105.51864	17.30
44	1	0.21748	105.51586	17.72
45	1	0.21748	105.51308	18.07
46	1	0.21748	105.51030	17.50
47	1	0.21748	105.50753	17.63
48	1	0.21748	105.50475	18.37
49	1	0.21748	105.50197	17.54
0	2	0.22026	105.63808	14.80
1	2	0.22026	105.63530	14.85
2	2	0.22026	105.63253	14.90
3	2	0.22026	105.62975	14.68
4	2	0.22026	105.62697	14.52
5	2	0.22026	105.62419	14.61
6	2	0.22026	105.62142	14.83
7	2	0.22026	105.61864	15.04
8	2	0.22026	105.61586	15.35
9	2	0.22026	105.61308	15.47
10	2	0.22026	105.61030	15.47
11	2	0.22026	105.60753	15.53
12	2	0.22026	105.60475	15.36
13	2	0.22026	105.60197	15.40
14	2	0.22026	105.59919	15.40
15	2	0.22026	105.59642	15.58
16	2	0.22026	105.59364	15.41
17	2	0.22026	105.59086	15.38
18	2	0.22026	105.58808	15.50
19	2	0.22026	105.58530	15.36
20	2	0.22026	105.58253	15.11
21	2	0.22026	105.57975	14.99
22	2	0.22026	105.57697	15.16
23	2	0.22026	105.57419	15.16
24	2	0.22026	105.57142	15.25
25	2	0.22026	105.56864	15.27
26	2	0.22026	105.56586	15.30
27	2	0.22026	105.56308	15.01
28	2	0.22026	105.56030	14.98
29	2	0.22026	105.55753	15.00
30	2	0.22026	105.55475	15.09
31	2	0.22026	105.55197	15.18
32	2	0.22026	105.54919	15.15
33	2	0.22026	105.54642	15.46
34	2	0.22026	105.54364	15.48
35	2	0.22026	105.54086	15.68
36	2	0.22026	105.53808	15.84
37	2	0.22026	105.53530	15.94
38	2	0.22026	105.53253	16.16
39	2	0.22026	105.52975	16.39
40	2	0.22026	105.52697	16.54
41	2	0.22026	105.52419	16.86
42	2	0.22026	105.52142	17.18
43	2	0.22026	105.51864	17.36
44	2	0.22026	105.51586	18.65
45	2	0.22026	105.51308	20.34
46	2	0.22026	105.51030	20.02
47	2	0.22026	105.50753	20.04
48	2	0.22026	105.50475	19.57
49	2	0.22026	105.50197	18.22
0	3	0.22304	105.63808	14.80
1	3	0.22304	105.63530	14.77
2	3	0.22304	105.63253	14.82
3	3	0.22304	105.62975	14.68
4	3	0.22304	105.62697	14.52
5	3	0.22304	105.62419	14.70
6	3	0.22304	105.62142	14.98
7	3	0.22304	105.61864	15.20
8	3	0.22304	105.61586	15.38
9	3	0.22304	105.61308	15.47
10	3	0.22304	105.61030	15.52
11	3	0.22304	105.60753	15.50
12	3	0.22304	105.60475	15.27
13	3	0.22304	105.60197	15.34
14	3	0.22304	105.59919	15.30
15	3	0.22304	105.59642	15.41
16	3	0.22304	105.59364	15.39
17	3	0.22304	105.59086	15.26
18	3	0.22304	105.58808	15.19
19	3	0.22304	105.58530	15.17
20	3	0.22304	105.58253	15.06
21	3	0.22304	105.57975	14.90
22	3	0.22304	105.57697	15.16
23	3	0.22304	105.57419	15.12
24	3	0.22304	105.57142	15.24
25	3	0.22304	105.56864	15.19
26	3	0.22304	105.56586	15.23
27	3	0.22304	105.56308	15.11
28	3	0.22304	105.56030	15.04
29	3	0.22304	105.55753	15.09
30	3	0.22304	105.55475	15.11
31	3	0.22304	105.55197	15.10
32	3	0.22304	105.54919	15.16
33	3	0.22304	105.54642	15.49
34	3	0.22304	105.54364	15.57
35	3	0.22304	105.54086	15.72
36	3	0.22304	105.53808	15.82
37	3	0.22304	105.53530	15.99
38	3	0.22304	105.53253	16.37
39	3	0.22304	105.52975	16.70
40	3	0.22304	105.52697	16.75
41	3	0.22304	105.52419	16.94
42	3	0.22304	105.52142	17.46
43	3	0.22304	105.51864	17.94
44	3	0.22304	105.51586	20.07
45	3	0.22304	105.51308	20.63
46	3	0.22304	105.51030	23.42
47	3	0.22304	105.50753	22.66
48	3	0.22304	105.50475	18.82
49	3	0.22304	105.50197	18.34
0	4	0.22582	105.63808	14.89
1	4	0.22582	105.63530	14.91
2	4	0.22582	105.63253	14.94
3	4	0.22582	105.62975	14.73
4	4	0.22582	105.62697	14.51
5	4	0.22582	105.62419	14.79
6	4	0.22582	105.62142	15.06
7	4	0.22582	105.61864	15.16
8	4	0.22582	105.61586	15.35
9	4	0.22582	105.61308	15.51
10	4	0.22582	105.61030	15.52
11	4	0.22582	105.60753	15.48
12	4	0.22582	105.60475	15.35
13	4	0.22582	105.60197	15.35
14	4	0.22582	105.59919	15.27
15	4	0.22582	105.59642	15.41
16	4	0.22582	105.59364	15.43
17	4	0.22582	105.59086	15.19
18	4	0.22582	105.58808	15.17
19	4	0.22582	105.58530	15.09
20	4	0.22582	105.58253	15.01
21	4	0.22582	105.57975	15.04
22	4	0.22582	105.57697	15.19
23	4	0.22582	105.57419	15.13
24	4	0.22582	105.57142	15.29
25	4	0.22582	105.56864	15.13
26	4	0.22582	105.56586	15.14
27	4	0.22582	105.56308	15.16
28	4	0.22582	105.56030	15.23
29	4	0.22582	105.55753	15.21
30	4	0.22582	105.55475	15.06
31	4	0.22582	105.55197	15.13
32	4	0.22582	105.54919	15.22
33	4	0.22582	105.54642	15.46
34	4	0.22582	105.54364	15.54
35	4	0.22582	105.54086	15.73
36	4	0.22582	105.53808	15.87
37	4	0.22582	105.53530	16.05
38	4	0.22582	105.53253	16.50
39	4	0.22582	105.52975	16.84
40	4	0.22582	105.52697	16.88
41	4	0.22582	105.52419	17.12
42	4	0.22582	105.52142	17.46
43	4	0.22582	105.51864	18.31
44	4	0.22582	105.51586	19.60
45	4	0.22582	105.51308	21.99
46	4	0.22582	105.51030	27.62
47	4	0.22582	105.50753	26.74
48	4	0.22582	105.50475	19.38
49	4	0.22582	105.50197	17.52
0	5	0.22859	105.63808	15.01
1	5	0.22859	105.63530	15.08
2	5	0.22859	105.63253	15.10
3	5	0.22859	105.62975	14.86
4	5	0.22859	105.62697	14.58
5	5	0.22859	105.62419	14.90
6	5	0.22859	105.62142	15.04
7	5	0.22859	105.61864	15.08
8	5	0.22859	105.61586	15.27
9	5	0.22859	105.61308	15.38
10	5	0.22859	105.61030	15.42
11	5	0.22859	105.60753	15.39
12	5	0.22859	105.60475	15.50
13	5	0.22859	105.60197	15.46
14	5	0.22859	105.59919	15.27
15	5	0.22859	105.59642	15.32
16	5	0.22859	105.59364	15.37
17	5	0.22859	105.59086	15.11
18	5	0.22859	105.58808	15.15
19	5	0.22859	105.58530	15.11
20	5	0.22859	105.58253	15.05
21	5	0.22859	105.57975	15.07
22	5	0.22859	105.57697	15.05
23	5	0.22859	105.57419	15.16
24	5	0.22859	105.57142	15.38
25	5	0.22859	105.56864	15.19
26	5	0.22859	105.56586	15.16
27	5	0.22859	105.56308	15.21
28	5	0.22859	105.56030	15.27
29	5	0.22859	105.55753	15.22
30	5	0.22859	105.55475	15.02
31	5	0.22859	105.55197	15.17
32	5	0.22859	105.54919	15.30
33	5	0.22859	105.54642	15.47
34	5	0.22859	105.54364	15.50
35	5	0.22859	105.54086	15.76
36	5	0.22859	105.53808	15.96
37	5	0.22859	105.53530	16.25
38	5	0.22859	105.53253	16.49
39	5	0.22859	105.52975	16.65
40	5	0.22859	105.52697	16.89
41	5	0.22859	105.52419	17.26
42	5	0.22859	105.52142	17.47
43	5	0.22859	105.51864	18.12
44	5	0.22859	105.51586	19.25
45	5	0.22859	105.51308	20.67
46	5	0.22859	105.51030	26.42
47	5	0.22859	105.50753	24.22
48	5	0.22859	105.50475	18.25
49	5	0.22859	105.50197	17.52
0	6	0.23137	105.63808	15.07
1	6	0.23137	105.63530	15.16
2	6	0.23137	105.63253	15.17
3	6	0.23137	105.62975	14.99
4	6	0.23137	105.62697	14.80
5	6	0.23137	105.62419	14.95
6	6	0.23137	105.62142	14.99
7	6	0.23137	105.61864	15.13
8	6	0.23137	105.61586	15.28
9	6	0.23137	105.61308	15.24
10	6	0.23137	105.61030	15.40
11	6	0.23137	105.60753	15.47
12	6	0.23137	105.60475	15.56
13	6	0.23137	105.60197	15.44
14	6	0.23137	105.59919	15.28
15	6	0.23137	105.59642	15.30
16	6	0.23137	105.59364	15.34
17	6	0.23137	105.59086	15.18
18	6	0.23137	105.58808	15.21
19	6	0.23137	105.58530	15.13
20	6	0.23137	105.58253	15.09
21	6	0.23137	105.57975	15.12
22	6	0.23137	105.57697	15.10
23	6	0.23137	105.57419	15.23
24	6	0.23137	105.57142	15.35
25	6	0.23137	105.56864	15.24
26	6	0.23137	105.56586	15.25
27	6	0.23137	105.56308	15.33
28	6	0.23137	105.56030	15.25
29	6	0.23137	105.55753	15.13
30	6	0.23137	105.55475	15.08
31	6	0.23137	105.55197	15.27
32	6	0.23137	105.54919	15.35
33	6	0.23137	105.54642	15.56
34	6	0.23137	105.54364	15.55
35	6	0.23137	105.54086	15.78
36	6	0.23137	105.53808	16.06
37	6	0.23137	105.53530	16.73
38	6	0.23137	105.53253	16.78
39	6	0.23137	105.52975	16.56
40	6	0.23137	105.52697	16.76
41	6	0.23137	105.52419	17.15
42	6	0.23137	105.52142	17.48
43	6	0.23137	105.51864	17.74
44	6	0.23137	105.51586	18.99
45	6	0.23137	105.51308	18.86
46	6	0.23137	105.51030	18.91
47	6	0.23137	105.50753	18.05
48	6	0.23137	105.50475	17.45
49	6	0.23137	105.50197	17.57
0	7	0.23415	105.63808	15.07
1	7	0.23415	105.63530	15.11
2	7	0.23415	105.63253	15.11
3	7	0.23415	105.62975	14.94
4	7	0.23415	105.62697	14.94
5	7	0.23415	105.62419	14.98
6	7	0.23415	105.62142	14.85
7	7	0.23415	105.61864	15.10
8	7	0.23415	105.61586	15.34
9	7	0.23415	105.61308	15.23
10	7	0.23415	105.61030	15.37
11	7	0.23415	105.60753	15.40
12	7	0.23415	105.60475	15.46
13	7	0.23415	105.60197	15.30
14	7	0.23415	105.59919	15.21
15	7	0.23415	105.59642	15.41
16	7	0.23415	105.59364	15.26
17	7	0.23415	105.59086	15.14
18	7	0.23415	105.58808	15.23
19	7	0.23415	105.58530	15.12
20	7	0.23415	105.58253	15.08
21	7	0.23415	105.57975	15.25
22	7	0.23415	105.57697	15.13
23	7	0.23415	105.57419	15.16
24	7	0.23415	105.57142	15.21
25	7	0.23415	105.56864	15.19
26	7	0.23415	105.56586	15.24
27	7	0.23415	105.56308	15.20
28	7	0.23415	105.56030	15.20
29	7	0.23415	105.55753	15.13
30	7	0.23415	105.55475	15.10
31	7	0.23415	105.55197	15.33
32	7	0.23415	105.54919	15.40
33	7	0.23415	105.54642	15.60
34	7	0.23415	105.54364	15.60
35	7	0.23415	105.54086	15.81
36	7	0.23415	105.53808	16.01
37	7	0.23415	105.53530	16.67
38	7	0.23415	105.53253	16.86
39	7	0.23415	105.52975	16.59
40	7	0.23415	105.52697	16.60
41	7	0.23415	105.52419	16.86
42	7	0.23415	105.52142	17.14
43	7	0.23415	105.51864	17.32
44	7	0.23415	105.51586	17.94
45	7	0.23415	105.51308	18.63
46	7	0.23415	105.51030	18.38
47	7	0.23415	105.50753	17.64
48	7	0.23415	105.50475	17.30
49	7	0.23415	105.50197	17.14
0	8	0.23693	105.63808	15.11
1	8	0.23693	105.63530	15.18
2	8	0.23693	105.63253	15.08
3	8	0.23693	105.62975	14.93
4	8	0.23693	105.62697	14.96
5	8	0.23693	105.62419	14.92
6	8	0.23693	105.62142	14.79
7	8	0.23693	105.61864	15.12
8	8	0.23693	105.61586	15.42
9	8	0.23693	105.61308	15.32
10	8	0.23693	105.61030	15.28
11	8	0.23693	105.60753	15.36
12	8	0.23693	105.60475	15.40
13	8	0.23693	105.60197	15.25
14	8	0.23693	105.59919	15.30
15	8	0.23693	105.59642	15.50
16	8	0.23693	105.59364	15.24
17	8	0.23693	105.59086	15.15
18	8	0.23693	105.58808	15.15
19	8	0.23693	105.58530	15.08
20	8	0.23693	105.58253	15.02
21	8	0.23693	105.57975	15.19
22	8	0.23693	105.57697	15.16
23	8	0.23693	105.57419	15.18
24	8	0.23693	105.57142	15.14
25	8	0.23693	105.56864	15.07
26	8	0.23693	105.56586	15.13
27	8	0.23693	105.56308	15.17
28	8	0.23693	105.56030	15.18
29	8	0.23693	105.55753	15.17
30	8	0.23693	105.55475	15.19
31	8	0.23693	105.55197	15.30
32	8	0.23693	105.54919	15.34
33	8	0.23693	105.54642	15.52
34	8	0.23693	105.54364	15.70
35	8	0.23693	105.54086	16.06
36	8	0.23693	105.53808	16.08
37	8	0.23693	105.53530	16.37
38	8	0.23693	105.53253	16.75
39	8	0.23693	105.52975	16.64
40	8	0.23693	105.52697	16.58
41	8	0.23693	105.52419	16.77
42	8	0.23693	105.52142	16.94
43	8	0.23693	105.51864	17.31
44	8	0.23693	105.51586	17.90
45	8	0.23693	105.51308	18.18
46	8	0.23693	105.51030	17.77
47	8	0.23693	105.50753	17.43
48	8	0.23693	105.50475	17.29
49	8	0.23693	105.50197	17.11
0	9	0.23971	105.63808	15.16
1	9	0.23971	105.63530	15.20
2	9	0.23971	105.63253	15.09
3	9	0.23971	105.62975	15.09
4	9	0.23971	105.62697	15.03
5	9	0.23971	105.62419	14.82
6	9	0.23971	105.62142	14.80
7	9	0.23971	105.61864	15.13
8	9	0.23971	105.61586	15.37
9	9	0.23971	105.61308	15.22
10	9	0.23971	105.61030	15.31
11	9	0.23971	105.60753	15.51
12	9	0.23971	105.60475	15.35
13	9	0.23971	105.60197	15.26
14	9	0.23971	105.59919	15.29
15	9	0.23971	105.59642	15.44
16	9	0.23971	105.59364	15.23
17	9	0.23971	105.59086	15.18
18	9	0.23971	105.58808	15.19
19	9	0.23971	105.58530	15.14
20	9	0.23971	105.58253	15.11
21	9	0.23971	105.57975	15.20
22	9	0.23971	105.57697	15.18
23	9	0.23971	105.57419	15.13
24	9	0.23971	105.57142	15.07
25	9	0.23971	105.56864	15.00
26	9	0.23971	105.56586	15.08
27	9	0.23971	105.56308	15.22
28	9	0.23971	105.56030	15.24
29	9	0.23971	105.55753	15.15
30	9	0.23971	105.55475	15.15
31	9	0.23971	105.55197	15.21
32	9	0.23971	105.54919	15.26
33	9	0.23971	105.54642	15.45
34	9	0.23971	105.54364	15.71
35	9	0.23971	105.54086	16.12
36	9	0.23971	105.53808	16.14
37	9	0.23971	105.53530	16.44
38	9	0.23971	105.53253	16.85
39	9	0.23971	105.52975	16.76
40	9	0.23971	105.52697	16.72
41	9	0.23971	105.52419	16.93
42	9	0.23971	105.52142	17.14
43	9	0.23971	105.51864	17.65
44	9	0.23971	105.51586	18.14
45	9	0.23971	105.51308	18.07
46	9	0.23971	105.51030	17.53
47	9	0.23971	105.50753	17.58
48	9	0.23971	105.50475	17.59
49	9	0.23971	105.50197	17.14
0	10	0.24248	105.63808	15.32
1	10	0.24248	105.63530	15.26
2	10	0.24248	105.63253	15.11
3	10	0.24248	105.62975	15.26
4	10	0.24248	105.62697	15.01
5	10	0.24248	105.62419	14.69
6	10	0.24248	105.62142	14.88
7	10	0.24248	105.61864	15.13
8	10	0.24248	105.61586	15.29
9	10	0.24248	105.61308	15.20
10	10	0.24248	105.61030	15.44
11	10	0.24248	105.60753	15.53
12	10	0.24248	105.60475	15.30
13	10	0.24248	105.60197	15.28
14	10	0.24248	105.59919	15.24
15	10	0.24248	105.59642	15.51
16	10	0.24248	105.59364	15.27
17	10	0.24248	105.59086	15.09
18	10	0.24248	105.58808	15.15
19	10	0.24248	105.58530	15.08
20	10	0.24248	105.58253	15.06
21	10	0.24248	105.57975	15.14
22	10	0.24248	105.57697	15.14
23	10	0.24248	105.57419	15.07
24	10	0.24248	105.57142	15.14
25	10	0.24248	105.56864	15.08
26	10	0.24248	105.56586	15.09
27	10	0.24248	105.56308	15.15
28	10	0.24248	105.56030	15.22
29	10	0.24248	105.55753	15.19
30	10	0.24248	105.55475	15.09
31	10	0.24248	105.55197	15.17
32	10	0.24248	105.54919	15.21
33	10	0.24248	105.54642	15.40
34	10	0.24248	105.54364	15.56
35	10	0.24248	105.54086	15.81
36	10	0.24248	105.53808	16.05
37	10	0.24248	105.53530	16.64
38	10	0.24248	105.53253	16.79
39	10	0.24248	105.52975	16.57
40	10	0.24248	105.52697	16.53
41	10	0.24248	105.52419	16.71
42	10	0.24248	105.52142	17.06
43	10	0.24248	105.51864	17.41
44	10	0.24248	105.51586	17.53
45	10	0.24248	105.51308	17.41
46	10	0.24248	105.51030	16.92
47	10	0.24248	105.50753	17.05
48	10	0.24248	105.50475	17.19
49	10	0.24248	105.50197	16.81
0	11	0.24526	105.63808	15.29
1	11	0.24526	105.63531	15.28
2	11	0.24526	105.63253	15.15
3	11	0.24526	105.62975	15.27
4	11	0.24526	105.62697	14.84
5	11	0.24526	105.62419	14.60
6	11	0.24526	105.62142	14.98
7	11	0.24526	105.61864	15.15
8	11	0.24526	105.61586	15.31
9	11	0.24526	105.61308	15.35
10	11	0.24526	105.61030	15.55
11	11	0.24526	105.60753	15.48
12	11	0.24526	105.60475	15.43
13	11	0.24526	105.60197	15.34
14	11	0.24526	105.59919	15.32
15	11	0.24526	105.59642	15.55
16	11	0.24526	105.59364	15.34
17	11	0.24526	105.59086	15.15
18	11	0.24526	105.58808	15.21
19	11	0.24526	105.58530	15.09
20	11	0.24526	105.58253	14.96
21	11	0.24526	105.57975	15.09
22	11	0.24526	105.57697	15.12
23	11	0.24526	105.57419	15.03
24	11	0.24526	105.57142	15.10
25	11	0.24526	105.56864	15.13
26	11	0.24526	105.56586	15.14
27	11	0.24526	105.56308	15.10
28	11	0.24526	105.56030	15.12
29	11	0.24526	105.55753	15.13
30	11	0.24526	105.55475	15.09
31	11	0.24526	105.55197	15.09
32	11	0.24526	105.54919	15.11
33	11	0.24526	105.54642	15.41
34	11	0.24526	105.54364	15.51
35	11	0.24526	105.54086	15.56
36	11	0.24526	105.53808	15.99
37	11	0.24526	105.53530	16.60
38	11	0.24526	105.53253	16.31
39	11	0.24526	105.52975	15.90
40	11	0.24526	105.52697	15.87
41	11	0.24526	105.52419	16.09
42	11	0.24526	105.52142	16.54
43	11	0.24526	105.51864	16.64
44	11	0.24526	105.51586	16.39
45	11	0.24526	105.51308	16.17
46	11	0.24526	105.51030	15.75
47	11	0.24526	105.50753	16.15
48	11	0.24526	105.50475	16.55
49	11	0.24526	105.50197	16.27
0	12	0.24804	105.63808	15.18
1	12	0.24804	105.63531	15.28
2	12	0.24804	105.63253	15.22
3	12	0.24804	105.62975	15.18
4	12	0.24804	105.62697	14.70
5	12	0.24804	105.62419	14.63
6	12	0.24804	105.62142	15.09
7	12	0.24804	105.61864	15.20
8	12	0.24804	105.61586	15.31
9	12	0.24804	105.61308	15.42
10	12	0.24804	105.61030	15.56
11	12	0.24804	105.60753	15.41
12	12	0.24804	105.60475	15.54
13	12	0.24804	105.60197	15.45
14	12	0.24804	105.59919	15.49
15	12	0.24804	105.59642	15.64
16	12	0.24804	105.59364	15.33
17	12	0.24804	105.59086	15.19
18	12	0.24804	105.58808	15.24
19	12	0.24804	105.58530	15.05
20	12	0.24804	105.58253	14.89
21	12	0.24804	105.57975	15.12
22	12	0.24804	105.57697	15.07
23	12	0.24804	105.57419	15.00
24	12	0.24804	105.57142	15.08
25	12	0.24804	105.56864	15.23
26	12	0.24804	105.56586	15.22
27	12	0.24804	105.56308	15.16
28	12	0.24804	105.56030	15.09
29	12	0.24804	105.55753	15.01
30	12	0.24804	105.55475	15.08
31	12	0.24804	105.55197	15.10
32	12	0.24804	105.54919	15.10
33	12	0.24804	105.54642	15.35
34	12	0.24804	105.54364	15.27
35	12	0.24804	105.54086	15.44
36	12	0.24804	105.53808	15.82
37	12	0.24804	105.53530	15.82
38	12	0.24804	105.53253	15.41
39	12	0.24804	105.52975	15.11
40	12	0.24804	105.52697	15.18
41	12	0.24804	105.52419	15.44
42	12	0.24804	105.52142	15.94
43	12	0.24804	105.51864	15.91
44	12	0.24804	105.51586	15.47
45	12	0.24804	105.51308	15.07
46	12	0.24804	105.51030	14.67
47	12	0.24804	105.50753	15.34
48	12	0.24804	105.50475	15.95
49	12	0.24804	105.50197	15.83
0	13	0.25082	105.63808	15.21
1	13	0.25082	105.63531	15.24
2	13	0.25082	105.63253	15.20
3	13	0.25082	105.62975	15.00
4	13	0.25082	105.62697	14.58
5	13	0.25082	105.62419	14.67
6	13	0.25082	105.62142	15.10
7	13	0.25082	105.61864	15.31
8	13	0.25082	105.61586	15.50
9	13	0.25082	105.61308	15.60
10	13	0.25082	105.61030	15.69
11	13	0.25082	105.60753	15.58
12	13	0.25082	105.60475	15.71
13	13	0.25082	105.60197	15.59
14	13	0.25082	105.59919	15.68
15	13	0.25082	105.59642	15.71
16	13	0.25082	105.59364	15.34
17	13	0.25082	105.59086	15.28
18	13	0.25082	105.58808	15.28
19	13	0.25082	105.58530	15.19
20	13	0.25082	105.58253	14.98
21	13	0.25082	105.57975	15.08
22	13	0.25082	105.57697	15.09
23	13	0.25082	105.57419	15.00
24	13	0.25082	105.57142	15.07
25	13	0.25082	105.56864	15.31
26	13	0.25082	105.56586	15.20
27	13	0.25082	105.56308	15.10
28	13	0.25082	105.56030	15.14
29	13	0.25082	105.55753	15.03
30	13	0.25082	105.55475	15.06
31	13	0.25082	105.55197	15.07
32	13	0.25082	105.54919	15.09
33	13	0.25082	105.54642	15.22
34	13	0.25082	105.54364	15.00
35	13	0.25082	105.54086	16.11
36	13	0.25082	105.53808	16.16
37	13	0.25082	105.53530	14.81
38	13	0.25082	105.53253	14.46
39	13	0.25082	105.52975	14.52
40	13	0.25082	105.52697	14.75
41	13	0.25082	105.52419	14.97
42	13	0.25082	105.52142	15.19
43	13	0.25082	105.51864	15.15
44	13	0.25082	105.51586	14.90
45	13	0.25082	105.51308	14.56
46	13	0.25082	105.51030	14.11
47	13	0.25082	105.50753	14.94
48	13	0.25082	105.50475	15.58
49	13	0.25082	105.50197	15.49
0	14	0.25359	105.63808	15.13
1	14	0.25359	105.63531	15.29
2	14	0.25359	105.63253	15.25
3	14	0.25359	105.62975	14.86
4	14	0.25359	105.62697	14.57
5	14	0.25359	105.62419	14.73
6	14	0.25359	105.62142	15.11
7	14	0.25359	105.61864	15.39
8	14	0.25359	105.61586	15.60
9	14	0.25359	105.61308	15.62
10	14	0.25359	105.61030	15.74
11	14	0.25359	105.60753	15.77
12	14	0.25359	105.60475	15.81
13	14	0.25359	105.60197	15.59
14	14	0.25359	105.59919	15.68
15	14	0.25359	105.59642	15.70
16	14	0.25359	105.59364	15.44
17	14	0.25359	105.59086	15.46
18	14	0.25359	105.58808	15.32
19	14	0.25359	105.58530	15.30
20	14	0.25359	105.58253	14.97
21	14	0.25359	105.57975	14.98
22	14	0.25359	105.57697	15.16
23	14	0.25359	105.57419	15.09
24	14	0.25359	105.57142	15.18
25	14	0.25359	105.56864	15.42
26	14	0.25359	105.56586	15.29
27	14	0.25359	105.56308	15.11
28	14	0.25359	105.56030	15.19
29	14	0.25359	105.55753	15.11
30	14	0.25359	105.55475	15.05
31	14	0.25359	105.55197	15.05
32	14	0.25359	105.54919	15.01
33	14	0.25359	105.54642	15.00
34	14	0.25359	105.54364	14.86
35	14	0.25359	105.54086	15.23
36	14	0.25359	105.53808	15.14
37	14	0.25359	105.53530	14.17
38	14	0.25359	105.53253	14.02
39	14	0.25359	105.52975	14.19
40	14	0.25359	105.52697	14.49
41	14	0.25359	105.52419	14.71
42	14	0.25359	105.52142	14.68
43	14	0.25359	105.51864	14.60
44	14	0.25359	105.51586	14.55
45	14	0.25359	105.51308	14.30
46	14	0.25359	105.51030	13.81
47	14	0.25359	105.50753	14.80
48	14	0.25359	105.50475	15.45
49	14	0.25359	105.50197	15.32
0	15	0.25637	105.63808	15.16
1	15	0.25637	105.63531	15.37
2	15	0.25637	105.63253	15.17
3	15	0.25637	105.62975	14.65
4	15	0.25637	105.62697	14.60
5	15	0.25637	105.62419	14.83
6	15	0.25637	105.62142	15.18
7	15	0.25637	105.61864	15.48
8	15	0.25637	105.61586	15.62
9	15	0.25637	105.61308	15.62
10	15	0.25637	105.61030	15.80
11	15	0.25637	105.60753	15.80
12	15	0.25637	105.60475	15.75
13	15	0.25637	105.60197	15.63
14	15	0.25637	105.59919	15.67
15	15	0.25637	105.59642	15.70
16	15	0.25637	105.59364	15.60
17	15	0.25637	105.59086	15.55
18	15	0.25637	105.58808	15.49
19	15	0.25637	105.58530	16.40
20	15	0.25637	105.58253	15.52
21	15	0.25637	105.57975	14.86
22	15	0.25637	105.57697	15.05
23	15	0.25637	105.57419	15.05
24	15	0.25637	105.57142	15.25
25	15	0.25637	105.56864	15.46
26	15	0.25637	105.56586	15.30
27	15	0.25637	105.56308	15.12
28	15	0.25637	105.56030	15.16
29	15	0.25637	105.55753	15.10
30	15	0.25637	105.55475	15.02
31	15	0.25637	105.55197	15.01
32	15	0.25637	105.54919	14.85
33	15	0.25637	105.54642	14.69
34	15	0.25637	105.54364	14.66
35	15	0.25637	105.54086	14.24
36	15	0.25637	105.53808	13.88
37	15	0.25637	105.53530	13.82
38	15	0.25637	105.53253	13.93
39	15	0.25637	105.52975	14.16
40	15	0.25637	105.52697	14.37
41	15	0.25637	105.52419	14.49
42	15	0.25637	105.52142	14.52
43	15	0.25637	105.51864	14.56
44	15	0.25637	105.51586	14.51
45	15	0.25637	105.51308	14.21
46	15	0.25637	105.51030	13.68
47	15	0.25637	105.50753	14.77
48	15	0.25637	105.50475	15.37
49	15	0.25637	105.50197	15.26
0	16	0.25915	105.63808	15.11
1	16	0.25915	105.63531	15.15
2	16	0.25915	105.63253	14.95
3	16	0.25915	105.62975	14.71
4	16	0.25915	105.62697	14.73
5	16	0.25915	105.62419	15.01
6	16	0.25915	105.62142	15.39
7	16	0.25915	105.61864	15.60
8	16	0.25915	105.61586	15.59
9	16	0.25915	105.61308	15.76
10	16	0.25915	105.61030	15.89
11	16	0.25915	105.60753	15.68
12	16	0.25915	105.60475	15.70
13	16	0.25915	105.60197	15.63
14	16	0.25915	105.59919	15.60
15	16	0.25915	105.59642	15.60
16	16	0.25915	105.59364	15.47
17	16	0.25915	105.59086	15.51
18	16	0.25915	105.58808	15.51
19	16	0.25915	105.58530	16.55
20	16	0.25915	105.58253	15.69
21	16	0.25915	105.57975	14.81
22	16	0.25915	105.57697	14.94
23	16	0.25915	105.57419	14.92
24	16	0.25915	105.57142	15.14
25	16	0.25915	105.56864	15.38
26	16	0.25915	105.56586	15.27
27	16	0.25915	105.56308	15.14
28	16	0.25915	105.56030	15.19
29	16	0.25915	105.55753	15.10
30	16	0.25915	105.55475	14.95
31	16	0.25915	105.55197	14.89
32	16	0.25915	105.54919	14.65
33	16	0.25915	105.54642	14.36
34	16	0.25915	105.54364	14.22
35	16	0.25915	105.54086	13.92
36	16	0.25915	105.53808	13.64
37	16	0.25915	105.53530	13.69
38	16	0.25915	105.53253	13.89
39	16	0.25915	105.52975	14.19
40	16	0.25915	105.52697	14.35
41	16	0.25915	105.52419	14.42
42	16	0.25915	105.52142	14.57
43	16	0.25915	105.51864	14.68
44	16	0.25915	105.51586	14.60
45	16	0.25915	105.51308	14.27
46	16	0.25915	105.51030	13.78
47	16	0.25915	105.50753	14.97
48	16	0.25915	105.50475	15.42
49	16	0.25915	105.50197	15.24
0	17	0.26193	105.63808	14.76
1	17	0.26193	105.63531	14.91
2	17	0.26193	105.63253	14.89
3	17	0.26193	105.62975	14.88
4	17	0.26193	105.62697	14.86
5	17	0.26193	105.62419	15.19
6	17	0.26193	105.62142	15.58
7	17	0.26193	105.61864	15.60
8	17	0.26193	105.61586	15.54
9	17	0.26193	105.61308	15.64
10	17	0.26193	105.61030	15.64
11	17	0.26193	105.60753	15.78
12	17	0.26193	105.60475	15.89
13	17	0.26193	105.60197	15.62
14	17	0.26193	105.59919	15.56
15	17	0.26193	105.59642	15.59
16	17	0.26193	105.59364	15.42
17	17	0.26193	105.59086	15.57
18	17	0.26193	105.58808	15.52
19	17	0.26193	105.58530	15.62
20	17	0.26193	105.58253	15.24
21	17	0.26193	105.57975	14.85
22	17	0.26193	105.57697	14.96
23	17	0.26193	105.57419	15.06
24	17	0.26193	105.57142	15.27
25	17	0.26193	105.56864	15.39
26	17	0.26193	105.56586	15.32
27	17	0.26193	105.56308	15.10
28	17	0.26193	105.56030	15.12
29	17	0.26193	105.55753	15.00
30	17	0.26193	105.55475	14.88
31	17	0.26193	105.55197	14.80
32	17	0.26193	105.54919	14.49
33	17	0.26193	105.54642	14.33
34	17	0.26193	105.54364	14.12
35	17	0.26193	105.54086	13.80
36	17	0.26193	105.53808	13.59
37	17	0.26193	105.53530	13.71
38	17	0.26193	105.53253	13.97
39	17	0.26193	105.52975	14.26
40	17	0.26193	105.52697	14.44
41	17	0.26193	105.52419	14.57
42	17	0.26193	105.52142	14.76
43	17	0.26193	105.51864	14.81
44	17	0.26193	105.51586	14.71
45	17	0.26193	105.51308	14.38
46	17	0.26193	105.51030	13.93
47	17	0.26193	105.50753	15.13
48	17	0.26193	105.50475	15.54
49	17	0.26193	105.50197	15.29
0	18	0.26471	105.63808	14.59
1	18	0.26471	105.63531	14.83
2	18	0.26471	105.63253	14.87
3	18	0.26471	105.62975	14.94
4	18	0.26471	105.62697	14.97
5	18	0.26471	105.62419	15.32
6	18	0.26471	105.62142	15.64
7	18	0.26471	105.61864	15.46
8	18	0.26471	105.61586	15.50
9	18	0.26471	105.61308	15.77
10	18	0.26471	105.61030	15.68
11	18	0.26471	105.60753	15.90
12	18	0.26471	105.60475	15.89
13	18	0.26471	105.60197	15.54
14	18	0.26471	105.59919	15.47
15	18	0.26471	105.59642	15.49
16	18	0.26471	105.59364	15.48
17	18	0.26471	105.59086	15.57
18	18	0.26471	105.58808	15.48
19	18	0.26471	105.58530	15.26
20	18	0.26471	105.58253	15.07
21	18	0.26471	105.57975	14.88
22	18	0.26471	105.57697	15.01
23	18	0.26471	105.57419	15.12
24	18	0.26471	105.57142	15.32
25	18	0.26471	105.56864	15.40
26	18	0.26471	105.56586	15.26
27	18	0.26471	105.56308	15.08
28	18	0.26471	105.56030	15.06
29	18	0.26471	105.55753	14.94
30	18	0.26471	105.55475	14.80
31	18	0.26471	105.55197	14.66
32	18	0.26471	105.54919	14.35
33	18	0.26471	105.54642	14.22
34	18	0.26471	105.54364	13.94
35	18	0.26471	105.54086	13.69
36	18	0.26471	105.53808	13.65
37	18	0.26471	105.53530	13.88
38	18	0.26471	105.53253	14.20
39	18	0.26471	105.52975	14.52
40	18	0.26471	105.52697	14.77
41	18	0.26471	105.52419	14.84
42	18	0.26471	105.52142	14.96
43	18	0.26471	105.51864	14.88
44	18	0.26471	105.51586	14.74
45	18	0.26471	105.51308	14.44
46	18	0.26471	105.51030	14.01
47	18	0.26471	105.50753	15.18
48	18	0.26471	105.50475	15.55
49	18	0.26471	105.50197	15.30
0	19	0.26748	105.63808	14.65
1	19	0.26748	105.63531	14.87
2	19	0.26748	105.63253	14.87
3	19	0.26748	105.62975	14.98
4	19	0.26748	105.62697	15.13
5	19	0.26748	105.62419	15.29
6	19	0.26748	105.62142	15.49
7	19	0.26748	105.61864	15.47
8	19	0.26748	105.61586	15.64
9	19	0.26748	105.61308	16.06
10	19	0.26748	105.61030	15.87
11	19	0.26748	105.60753	15.56
12	19	0.26748	105.60475	15.60
13	19	0.26748	105.60197	15.49
14	19	0.26748	105.59919	15.38
15	19	0.26748	105.59642	15.44
16	19	0.26748	105.59364	15.59
17	19	0.26748	105.59086	15.58
18	19	0.26748	105.58808	15.31
19	19	0.26748	105.58530	15.22
20	19	0.26748	105.58253	15.19
21	19	0.26748	105.57975	15.05
22	19	0.26748	105.57697	15.22
23	19	0.26748	105.57419	15.25
24	19	0.26748	105.57142	15.41
25	19	0.26748	105.56864	15.47
26	19	0.26748	105.56586	15.30
27	19	0.26748	105.56308	15.16
28	19	0.26748	105.56030	14.99
29	19	0.26748	105.55753	14.86
30	19	0.26748	105.55475	14.58
31	19	0.26748	105.55197	14.77
32	19	0.26748	105.54919	14.53
33	19	0.26748	105.54642	13.91
34	19	0.26748	105.54364	13.70
35	19	0.26748	105.54086	13.65
36	19	0.26748	105.53808	13.80
37	19	0.26748	105.53530	14.16
38	19	0.26748	105.53253	14.50
39	19	0.26748	105.52975	14.79
40	19	0.26748	105.52697	15.05
41	19	0.26748	105.52419	15.11
42	19	0.26748	105.52142	15.11
43	19	0.26748	105.51864	14.90
44	19	0.26748	105.51586	14.76
45	19	0.26748	105.51308	14.38
46	19	0.26748	105.51030	14.05
47	19	0.26748	105.50753	15.23
48	19	0.26748	105.50475	15.55
49	19	0.26748	105.50197	15.30
0	20	0.27026	105.63808	14.75
1	20	0.27026	105.63531	14.90
2	20	0.27026	105.63253	14.86
3	20	0.27026	105.62975	15.05
4	20	0.27026	105.62697	15.33
5	20	0.27026	105.62419	15.19
6	20	0.27026	105.62142	15.22
7	20	0.27026	105.61864	15.45
8	20	0.27026	105.61586	15.61
9	20	0.27026	105.61308	16.02
10	20	0.27026	105.61030	15.99
11	20	0.27026	105.60753	15.62
12	20	0.27026	105.60475	15.67
13	20	0.27026	105.60197	15.49
14	20	0.27026	105.59919	15.51
15	20	0.27026	105.59642	15.64
16	20	0.27026	105.59364	15.65
17	20	0.27026	105.59086	15.63
18	20	0.27026	105.58808	15.38
19	20	0.27026	105.58530	15.37
20	20	0.27026	105.58253	15.34
21	20	0.27026	105.57975	15.28
22	20	0.27026	105.57697	15.43
23	20	0.27026	105.57419	15.46
24	20	0.27026	105.57142	15.62
25	20	0.27026	105.56864	15.61
26	20	0.27026	105.56586	15.42
27	20	0.27026	105.56308	15.22
28	20	0.27026	105.56030	14.95
29	20	0.27026	105.55753	14.80
30	20	0.27026	105.55475	14.50
31	20	0.27026	105.55197	14.76
32	20	0.27026	105.54919	14.59
33	20	0.27026	105.54642	13.82
34	20	0.27026	105.54364	13.72
35	20	0.27026	105.54086	13.80
36	20	0.27026	105.53808	13.99
37	20	0.27026	105.53530	14.40
38	20	0.27026	105.53253	14.85
39	20	0.27026	105.52975	15.06
40	20	0.27026	105.52697	15.09
41	20	0.27026	105.52419	15.19
42	20	0.27026	105.52142	15.16
43	20	0.27026	105.51864	14.95
44	20	0.27026	105.51586	14.77
45	20	0.27026	105.51308	14.26
46	20	0.27026	105.51030	14.09
47	20	0.27026	105.50753	15.26
48	20	0.27026	105.50475	15.44
49	20	0.27026	105.50197	15.24
0	21	0.27304	105.63808	14.84
1	21	0.27304	105.63531	14.87
2	21	0.27304	105.63253	14.86
3	21	0.27304	105.62975	15.12
4	21	0.27304	105.62697	15.39
5	21	0.27304	105.62419	15.04
6	21	0.27304	105.62142	14.93
7	21	0.27304	105.61864	15.28
8	21	0.27304	105.61586	15.54
9	21	0.27304	105.61308	15.77
10	21	0.27304	105.61030	15.81
11	21	0.27304	105.60753	15.73
12	21	0.27304	105.60475	15.86
13	21	0.27304	105.60197	15.69
14	21	0.27304	105.59919	15.66
15	21	0.27304	105.59642	15.71
16	21	0.27304	105.59364	15.71
17	21	0.27304	105.59086	15.72
18	21	0.27304	105.58808	15.57
19	21	0.27304	105.58530	15.52
20	21	0.27304	105.58253	15.49
21	21	0.27304	105.57975	15.47
22	21	0.27304	105.57697	15.61
23	21	0.27304	105.57419	15.66
24	21	0.27304	105.57142	15.83
25	21	0.27304	105.56864	15.70
26	21	0.27304	105.56586	15.44
27	21	0.27304	105.56308	15.32
28	21	0.27304	105.56030	14.91
29	21	0.27304	105.55753	14.76
30	21	0.27304	105.55475	14.53
31	21	0.27304	105.55197	14.30
32	21	0.27304	105.54919	14.14
33	21	0.27304	105.54642	13.88
34	21	0.27304	105.54364	13.93
35	21	0.27304	105.54086	14.05
36	21	0.27304	105.53808	14.27
37	21	0.27304	105.53530	14.65
38	21	0.27304	105.53253	15.07
39	21	0.27304	105.52975	15.14
40	21	0.27304	105.52697	15.08
41	21	0.27304	105.52419	15.12
42	21	0.27304	105.52142	15.09
43	21	0.27304	105.51864	14.96
44	21	0.27304	105.51586	14.79
45	21	0.27304	105.51308	14.16
46	21	0.27304	105.51030	14.07
47	21	0.27304	105.50753	15.28
48	21	0.27304	105.50475	15.43
49	21	0.27304	105.50197	15.13
0	22	0.27582	105.63808	14.91
1	22	0.27582	105.63531	14.97
2	22	0.27582	105.63253	14.96
3	22	0.27582	105.62975	14.92
4	22	0.27582	105.62697	14.95
5	22	0.27582	105.62419	14.86
6	22	0.27582	105.62142	15.01
7	22	0.27582	105.61864	15.32
8	22	0.27582	105.61586	15.61
9	22	0.27582	105.61308	15.81
10	22	0.27582	105.61030	15.79
11	22	0.27582	105.60753	15.72
12	22	0.27582	105.60475	15.83
13	22	0.27582	105.60197	15.75
14	22	0.27582	105.59919	15.65
15	22	0.27582	105.59642	15.70
16	22	0.27582	105.59364	15.74
17	22	0.27582	105.59086	15.76
18	22	0.27582	105.58808	15.73
19	22	0.27582	105.58530	15.65
20	22	0.27582	105.58253	15.59
21	22	0.27582	105.57975	15.65
22	22	0.27582	105.57697	15.66
23	22	0.27582	105.57419	15.68
24	22	0.27582	105.57142	15.84
25	22	0.27582	105.56864	15.67
26	22	0.27582	105.56586	15.62
27	22	0.27582	105.56308	15.61
28	22	0.27582	105.56030	14.94
29	22	0.27582	105.55753	14.70
30	22	0.27582	105.55475	14.64
31	22	0.27582	105.55197	14.31
32	22	0.27582	105.54919	14.14
33	22	0.27582	105.54642	14.09
34	22	0.27582	105.54364	14.22
35	22	0.27582	105.54086	14.40
36	22	0.27582	105.53808	14.69
37	22	0.27582	105.53530	15.06
38	22	0.27582	105.53253	15.23
39	22	0.27582	105.52975	15.20
40	22	0.27582	105.52697	15.18
41	22	0.27582	105.52419	15.10
42	22	0.27582	105.52142	15.02
43	22	0.27582	105.51864	14.97
44	22	0.27582	105.51586	14.85
45	22	0.27582	105.51308	14.16
46	22	0.27582	105.51030	14.13
47	22	0.27582	105.50753	15.30
48	22	0.27582	105.50475	15.45
49	22	0.27582	105.50197	15.07
0	23	0.27859	105.63808	14.94
1	23	0.27859	105.63531	15.04
2	23	0.27859	105.63253	15.08
3	23	0.27859	105.62975	15.01
4	23	0.27859	105.62697	14.98
5	23	0.27859	105.62419	15.08
6	23	0.27859	105.62142	15.26
7	23	0.27859	105.61864	15.47
8	23	0.27859	105.61586	15.68
9	23	0.27859	105.61308	15.93
10	23	0.27859	105.61030	15.84
11	23	0.27859	105.60753	15.85
12	23	0.27859	105.60475	15.92
13	23	0.27859	105.60197	15.88
14	23	0.27859	105.59919	15.81
15	23	0.27859	105.59642	15.83
16	23	0.27859	105.59364	15.81
17	23	0.27859	105.59086	15.77
18	23	0.27859	105.58808	15.74
19	23	0.27859	105.58530	15.74
20	23	0.27859	105.58253	15.64
21	23	0.27859	105.57975	15.67
22	23	0.27859	105.57697	15.63
23	23	0.27859	105.57419	15.61
24	23	0.27859	105.57142	15.80
25	23	0.27859	105.56864	15.87
26	23	0.27859	105.56586	15.82
27	23	0.27859	105.56308	15.54
28	23	0.27859	105.56030	15.06
29	23	0.27859	105.55753	14.80
30	23	0.27859	105.55475	14.72
31	23	0.27859	105.55197	14.50
32	23	0.27859	105.54919	14.40
33	23	0.27859	105.54642	14.43
34	23	0.27859	105.54364	14.59
35	23	0.27859	105.54086	14.83
36	23	0.27859	105.53808	15.17
37	23	0.27859	105.53530	15.35
38	23	0.27859	105.53253	15.39
39	23	0.27859	105.52975	15.29
40	23	0.27859	105.52697	15.16
41	23	0.27859	105.52419	15.14
42	23	0.27859	105.52141	15.10
43	23	0.27859	105.51864	15.20
44	23	0.27859	105.51586	15.04
45	23	0.27859	105.51308	14.29
46	23	0.27859	105.51030	14.22
47	23	0.27859	105.50753	15.29
48	23	0.27859	105.50475	15.48
49	23	0.27859	105.50197	15.09
0	24	0.28137	105.63808	15.15
1	24	0.28137	105.63531	15.23
2	24	0.28137	105.63253	15.31
3	24	0.28137	105.62975	15.35
4	24	0.28137	105.62697	15.35
5	24	0.28137	105.62419	15.44
6	24	0.28137	105.62142	15.62
7	24	0.28137	105.61864	15.80
8	24	0.28137	105.61586	15.96
9	24	0.28137	105.61308	16.15
10	24	0.28137	105.61030	16.00
11	24	0.28137	105.60753	16.05
12	24	0.28137	105.60475	16.04
13	24	0.28137	105.60197	16.02
14	24	0.28137	105.59919	15.98
15	24	0.28137	105.59642	16.02
16	24	0.28137	105.59364	15.99
17	24	0.28137	105.59086	15.92
18	24	0.28137	105.58808	15.81
19	24	0.28137	105.58530	15.77
20	24	0.28137	105.58253	15.59
21	24	0.28137	105.57975	15.48
22	24	0.28137	105.57697	15.54
23	24	0.28137	105.57419	15.50
24	24	0.28137	105.57142	15.62
25	24	0.28137	105.56864	15.77
26	24	0.28137	105.56586	15.51
27	24	0.28137	105.56308	15.13
28	24	0.28137	105.56030	14.94
29	24	0.28137	105.55753	14.83
30	24	0.28137	105.55475	14.76
31	24	0.28137	105.55197	14.61
32	24	0.28137	105.54919	14.60
33	24	0.28137	105.54642	14.70
34	24	0.28137	105.54364	14.93
35	24	0.28137	105.54086	15.19
36	24	0.28137	105.53808	15.32
37	24	0.28137	105.53530	15.27
38	24	0.28137	105.53253	15.27
39	24	0.28137	105.52975	15.15
40	24	0.28137	105.52697	15.11
41	24	0.28137	105.52419	15.17
42	24	0.28137	105.52141	15.26
43	24	0.28137	105.51864	15.48
44	24	0.28137	105.51586	15.18
45	24	0.28137	105.51308	14.34
46	24	0.28137	105.51030	14.35
47	24	0.28137	105.50753	15.25
48	24	0.28137	105.50475	15.40
49	24	0.28137	105.50197	15.08
0	25	0.28415	105.63808	15.45
1	25	0.28415	105.63531	15.49
2	25	0.28415	105.63253	15.57
3	25	0.28415	105.62975	15.62
4	25	0.28415	105.62697	15.64
5	25	0.28415	105.62419	15.80
6	25	0.28415	105.62142	16.05
7	25	0.28415	105.61864	16.17
8	25	0.28415	105.61586	16.30
9	25	0.28415	105.61308	16.31
10	25	0.28415	105.61030	16.12
11	25	0.28415	105.60753	16.12
12	25	0.28415	105.60475	16.03
13	25	0.28415	105.60197	16.02
14	25	0.28415	105.59919	16.05
15	25	0.28415	105.59642	16.02
16	25	0.28415	105.59364	16.10
17	25	0.28415	105.59086	16.14
18	25	0.28415	105.58808	15.95
19	25	0.28415	105.58530	15.82
20	25	0.28415	105.58253	15.59
21	25	0.28415	105.57975	15.45
22	25	0.28415	105.57697	15.62
23	25	0.28415	105.57419	15.59
24	25	0.28415	105.57142	15.55
25	25	0.28415	105.56864	15.49
26	25	0.28415	105.56586	15.30
27	25	0.28415	105.56308	15.25
28	25	0.28415	105.56030	14.97
29	25	0.28415	105.55753	14.79
30	25	0.28415	105.55475	14.76
31	25	0.28415	105.55197	14.71
32	25	0.28415	105.54919	14.72
33	25	0.28415	105.54642	14.89
34	25	0.28415	105.54364	15.30
35	25	0.28415	105.54086	15.45
36	25	0.28415	105.53808	15.19
37	25	0.28415	105.53530	15.15
38	25	0.28415	105.53253	15.16
39	25	0.28415	105.52975	15.13
40	25	0.28415	105.52697	15.19
41	25	0.28415	105.52419	15.29
42	25	0.28415	105.52141	15.49
43	25	0.28415	105.51864	15.63
44	25	0.28415	105.51586	15.25
45	25	0.28415	105.51308	14.43
46	25	0.28415	105.51030	14.45
47	25	0.28415	105.50753	15.25
48	25	0.28415	105.50475	15.45
49	25	0.28415	105.50197	15.17
0	26	0.28693	105.63808	15.71
1	26	0.28693	105.63531	15.74
2	26	0.28693	105.63253	15.79
3	26	0.28693	105.62975	15.81
4	26	0.28693	105.62697	15.84
5	26	0.28693	105.62419	15.97
6	26	0.28693	105.62142	16.13
7	26	0.28693	105.61864	16.27
8	26	0.28693	105.61586	16.36
9	26	0.28693	105.61308	16.36
10	26	0.28693	105.61030	16.32
11	26	0.28693	105.60753	16.30
12	26	0.28693	105.60475	16.19
13	26	0.28693	105.60197	16.15
14	26	0.28693	105.59919	16.10
15	26	0.28693	105.59642	16.10
16	26	0.28693	105.59364	16.22
17	26	0.28693	105.59086	16.28
18	26	0.28693	105.58808	16.14
19	26	0.28693	105.58530	15.96
20	26	0.28693	105.58253	15.77
21	26	0.28693	105.57975	15.68
22	26	0.28693	105.57697	15.76
23	26	0.28693	105.57419	15.72
24	26	0.28693	105.57142	15.64
25	26	0.28693	105.56864	15.54
26	26	0.28693	105.56586	15.35
27	26	0.28693	105.56308	15.24
28	26	0.28693	105.56030	15.08
29	26	0.28693	105.55753	14.88
30	26	0.28693	105.55475	14.83
31	26	0.28693	105.55197	14.83
32	26	0.28693	105.54919	14.89
33	26	0.28693	105.54642	15.20
34	26	0.28693	105.54364	15.57
35	26	0.28693	105.54086	15.46
36	26	0.28693	105.53808	15.21
37	26	0.28693	105.53530	15.14
38	26	0.28693	105.53253	15.25
39	26	0.28693	105.52975	15.29
40	26	0.28693	105.52697	15.26
41	26	0.28693	105.52419	15.39
42	26	0.28693	105.52141	15.46
43	26	0.28693	105.51864	15.31
44	26	0.28693	105.51586	14.99
45	26	0.28693	105.51308	14.39
46	26	0.28693	105.51030	14.44
47	26	0.28693	105.50753	15.16
48	26	0.28693	105.50475	15.27
49	26	0.28693	105.50197	15.09
0	27	0.28971	105.63808	15.90
1	27	0.28971	105.63531	15.91
2	27	0.28971	105.63253	15.87
3	27	0.28971	105.62975	15.99
4	27	0.28971	105.62697	16.17
5	27	0.28971	105.62419	16.06
6	27	0.28971	105.62142	16.02
7	27	0.28971	105.61864	16.42
8	27	0.28971	105.61586	16.53
9	27	0.28971	105.61308	16.63
10	27	0.28971	105.61030	16.73
11	27	0.28971	105.60753	16.69
12	27	0.28971	105.60475	16.56
13	27	0.28971	105.60197	16.45
14	27	0.28971	105.59919	16.33
15	27	0.28971	105.59642	16.39
16	27	0.28971	105.59364	16.44
17	27	0.28971	105.59086	16.40
18	27	0.28971	105.58808	16.28
19	27	0.28971	105.58530	16.06
20	27	0.28971	105.58253	15.92
21	27	0.28971	105.57975	15.86
22	27	0.28971	105.57697	15.80
23	27	0.28971	105.57419	15.75
24	27	0.28971	105.57142	15.73
25	27	0.28971	105.56864	15.61
26	27	0.28971	105.56586	15.35
27	27	0.28971	105.56308	15.18
28	27	0.28971	105.56030	15.14
29	27	0.28971	105.55753	14.93
30	27	0.28971	105.55475	14.89
31	27	0.28971	105.55197	14.98
32	27	0.28971	105.54919	15.15
33	27	0.28971	105.54642	15.49
34	27	0.28971	105.54364	15.58
35	27	0.28971	105.54086	15.36
36	27	0.28971	105.53808	15.24
37	27	0.28971	105.53530	15.19
38	27	0.28971	105.53253	15.31
39	27	0.28971	105.52975	15.48
40	27	0.28971	105.52697	15.43
41	27	0.28971	105.52419	15.31
42	27	0.28971	105.52141	15.22
43	27	0.28971	105.51864	15.02
44	27	0.28971	105.51586	14.78
45	27	0.28971	105.51308	14.29
46	27	0.28971	105.51030	14.44
47	27	0.28971	105.50753	15.09
48	27	0.28971	105.50475	15.14
49	27	0.28971	105.50197	15.01
0	28	0.29248	105.63808	16.08
1	28	0.29248	105.63531	16.09
2	28	0.29248	105.63253	15.95
3	28	0.29248	105.62975	16.20
4	28	0.29248	105.62697	16.36
5	28	0.29248	105.62419	16.07
6	28	0.29248	105.62142	16.01
7	28	0.29248	105.61864	16.50
8	28	0.29248	105.61586	16.61
9	28	0.29248	105.61308	16.76
10	28	0.29248	105.61030	17.26
11	28	0.29248	105.60753	17.23
12	28	0.29248	105.60475	16.81
13	28	0.29248	105.60197	16.74
14	28	0.29248	105.59919	16.67
15	28	0.29248	105.59642	16.65
16	28	0.29248	105.59364	16.63
17	28	0.29248	105.59086	16.53
18	28	0.29248	105.58808	16.41
19	28	0.29248	105.58530	16.24
20	28	0.29248	105.58253	16.11
21	28	0.29248	105.57975	16.06
22	28	0.29248	105.57697	15.98
23	28	0.29248	105.57419	15.87
24	28	0.29248	105.57142	15.77
25	28	0.29248	105.56864	15.58
26	28	0.29248	105.56586	15.35
27	28	0.29248	105.56308	15.16
28	28	0.29248	105.56030	15.06
29	28	0.29248	105.55753	14.97
30	28	0.29248	105.55475	14.95
31	28	0.29248	105.55197	15.06
32	28	0.29248	105.54919	15.35
33	28	0.29248	105.54642	15.58
34	28	0.29248	105.54364	15.47
35	28	0.29248	105.54086	15.34
36	28	0.29248	105.53808	15.29
37	28	0.29248	105.53530	15.31
38	28	0.29248	105.53253	15.45
39	28	0.29248	105.52975	15.78
40	28	0.29248	105.52697	15.63
41	28	0.29248	105.52419	15.27
42	28	0.29248	105.52141	15.04
43	28	0.29248	105.51864	14.80
44	28	0.29248	105.51586	14.56
45	28	0.29248	105.51308	14.18
46	28	0.29248	105.51030	14.48
47	28	0.29248	105.50753	15.08
48	28	0.29248	105.50475	15.10
49	28	0.29248	105.50197	15.00
0	29	0.29526	105.63808	16.17
1	29	0.29526	105.63531	16.18
2	29	0.29526	105.63253	15.97
3	29	0.29526	105.62975	16.04
4	29	0.29526	105.62697	16.12
5	29	0.29526	105.62419	16.00
6	29	0.29526	105.62142	16.12
7	29	0.29526	105.61864	16.54
8	29	0.29526	105.61586	16.58
9	29	0.29526	105.61308	16.77
10	29	0.29526	105.61030	17.69
11	29	0.29526	105.60753	17.70
12	29	0.29526	105.60475	17.00
13	29	0.29526	105.60197	17.05
14	29	0.29526	105.59919	17.02
15	29	0.29526	105.59642	16.83
16	29	0.29526	105.59364	16.69
17	29	0.29526	105.59086	16.62
18	29	0.29526	105.58808	16.62
19	29	0.29526	105.58530	16.50
20	29	0.29526	105.58253	16.34
21	29	0.29526	105.57975	16.32
22	29	0.29526	105.57697	16.25
23	29	0.29526	105.57419	16.05
24	29	0.29526	105.57142	15.76
25	29	0.29526	105.56864	15.51
26	29	0.29526	105.56586	15.32
27	29	0.29526	105.56308	15.14
28	29	0.29526	105.56030	15.09
29	29	0.29526	105.55753	15.08
30	29	0.29526	105.55475	15.10
31	29	0.29526	105.55197	15.36
32	29	0.29526	105.54919	15.75
33	29	0.29526	105.54642	15.66
34	29	0.29526	105.54364	15.50
35	29	0.29526	105.54086	15.48
36	29	0.29526	105.53808	15.39
37	29	0.29526	105.53530	15.41
38	29	0.29526	105.53253	15.57
39	29	0.29526	105.52975	15.80
40	29	0.29526	105.52697	15.59
41	29	0.29526	105.52419	15.22
42	29	0.29526	105.52141	14.93
43	29	0.29526	105.51864	14.66
44	29	0.29526	105.51586	14.45
45	29	0.29526	105.51308	14.18
46	29	0.29526	105.51030	14.44
47	29	0.29526	105.50753	14.96
48	29	0.29526	105.50475	15.01
49	29	0.29526	105.50197	14.96
0	30	0.29804	105.63808	16.16
1	30	0.29804	105.63531	16.15
2	30	0.29804	105.63253	16.02
3	30	0.29804	105.62975	16.01
4	30	0.29804	105.62697	16.02
5	30	0.29804	105.62419	16.02
6	30	0.29804	105.62142	16.33
7	30	0.29804	105.61864	16.59
8	30	0.29804	105.61586	16.54
9	30	0.29804	105.61308	16.74
10	30	0.29804	105.61030	17.60
11	30	0.29804	105.60753	17.71
12	30	0.29804	105.60475	17.48
13	30	0.29804	105.60197	17.74
14	30	0.29804	105.59919	17.40
15	30	0.29804	105.59642	16.96
16	30	0.29804	105.59364	16.77
17	30	0.29804	105.59086	16.74
18	30	0.29804	105.58808	16.78
19	30	0.29804	105.58530	16.69
20	30	0.29804	105.58253	16.46
21	30	0.29804	105.57975	16.45
22	30	0.29804	105.57697	16.34
23	30	0.29804	105.57419	16.06
24	30	0.29804	105.57142	15.87
25	30	0.29804	105.56864	15.57
26	30	0.29804	105.56586	15.38
27	30	0.29804	105.56308	15.25
28	30	0.29804	105.56030	15.21
29	30	0.29804	105.55753	15.19
30	30	0.29804	105.55475	15.32
31	30	0.29804	105.55197	15.63
32	30	0.29804	105.54919	15.91
33	30	0.29804	105.54642	15.69
34	30	0.29804	105.54364	15.53
35	30	0.29804	105.54086	15.54
36	30	0.29804	105.53808	15.52
37	30	0.29804	105.53530	15.66
38	30	0.29804	105.53253	15.84
39	30	0.29804	105.52975	15.81
40	30	0.29804	105.52697	15.41
41	30	0.29804	105.52419	14.98
42	30	0.29804	105.52141	14.78
43	30	0.29804	105.51864	14.50
44	30	0.29804	105.51586	14.29
45	30	0.29804	105.51308	14.16
46	30	0.29804	105.51030	14.40
47	30	0.29804	105.50753	14.83
48	30	0.29804	105.50475	14.90
49	30	0.29804	105.50197	14.89
0	31	0.30082	105.63808	16.25
1	31	0.30082	105.63531	16.18
2	31	0.30082	105.63253	16.11
3	31	0.30082	105.62975	16.17
4	31	0.30082	105.62697	16.17
5	31	0.30082	105.62419	16.25
6	31	0.30082	105.62142	16.69
7	31	0.30082	105.61864	16.73
8	31	0.30082	105.61586	16.66
9	31	0.30082	105.61308	17.01
10	31	0.30082	105.61030	17.51
11	31	0.30082	105.60753	17.67
12	31	0.30082	105.60475	17.87
13	31	0.30082	105.60197	17.88
14	31	0.30082	105.59919	17.41
15	31	0.30082	105.59642	17.04
16	31	0.30082	105.59364	16.94
17	31	0.30082	105.59086	16.89
18	31	0.30082	105.58808	16.77
19	31	0.30082	105.58530	16.66
20	31	0.30082	105.58253	16.48
21	31	0.30082	105.57975	16.36
22	31	0.30082	105.57697	16.26
23	31	0.30082	105.57419	16.06
24	31	0.30082	105.57142	16.04
25	31	0.30082	105.56864	15.85
26	31	0.30082	105.56586	15.66
27	31	0.30082	105.56308	15.50
28	31	0.30082	105.56030	15.42
29	31	0.30082	105.55753	15.46
30	31	0.30082	105.55475	15.56
31	31	0.30082	105.55197	15.61
32	31	0.30082	105.54919	15.82
33	31	0.30082	105.54642	15.91
34	31	0.30082	105.54364	15.76
35	31	0.30082	105.54086	15.66
36	31	0.30082	105.53808	15.60
37	31	0.30082	105.53530	15.87
38	31	0.30082	105.53253	15.85
39	31	0.30082	105.52975	15.59
40	31	0.30082	105.52697	15.14
41	31	0.30082	105.52419	14.84
42	31	0.30082	105.52141	15.36
43	31	0.30082	105.51864	14.87
44	31	0.30082	105.51586	14.13
45	31	0.30082	105.51308	14.01
46	31	0.30082	105.51030	14.28
47	31	0.30082	105.50753	14.65
48	31	0.30082	105.50475	14.73
49	31	0.30082	105.50197	14.74
0	32	0.30359	105.63808	16.44
1	32	0.30359	105.63531	16.36
2	32	0.30359	105.63253	16.27
3	32	0.30359	105.62975	16.28
4	32	0.30359	105.62697	16.28
5	32	0.30359	105.62419	16.50
6	32	0.30359	105.62142	16.91
7	32	0.30359	105.61864	16.82
8	32	0.30359	105.61586	16.87
9	32	0.30359	105.61308	17.38
10	32	0.30359	105.61031	17.79
11	32	0.30359	105.60753	18.08
12	32	0.30359	105.60475	17.91
13	32	0.30359	105.60197	17.54
14	32	0.30359	105.59919	17.19
15	32	0.30359	105.59642	17.03
16	32	0.30359	105.59364	16.95
17	32	0.30359	105.59086	16.87
18	32	0.30359	105.58808	16.74
19	32	0.30359	105.58530	16.68
20	32	0.30359	105.58253	16.57
21	32	0.30359	105.57975	16.37
22	32	0.30359	105.57697	16.23
23	32	0.30359	105.57419	16.10
24	32	0.30359	105.57142	16.10
25	32	0.30359	105.56864	15.98
26	32	0.30359	105.56586	15.82
27	32	0.30359	105.56308	15.72
28	32	0.30359	105.56030	15.73
29	32	0.30359	105.55753	15.76
30	32	0.30359	105.55475	15.68
31	32	0.30359	105.55197	15.70
32	32	0.30359	105.54919	15.96
33	32	0.30359	105.54642	15.93
34	32	0.30359	105.54364	15.76
35	32	0.30359	105.54086	15.74
36	32	0.30359	105.53808	15.69
37	32	0.30359	105.53530	15.89
38	32	0.30359	105.53253	15.65
39	32	0.30359	105.52975	15.30
40	32	0.30359	105.52697	14.98
41	32	0.30359	105.52419	14.66
42	32	0.30359	105.52141	14.95
43	32	0.30359	105.51864	14.66
44	32	0.30359	105.51586	14.16
45	32	0.30359	105.51308	14.02
46	32	0.30359	105.51030	14.21
47	32	0.30359	105.50753	14.56
48	32	0.30359	105.50475	14.69
49	32	0.30359	105.50197	14.75
0	33	0.30637	105.63808	16.53
1	33	0.30637	105.63531	16.56
2	33	0.30637	105.63253	16.59
3	33	0.30637	105.62975	16.51
4	33	0.30637	105.62697	16.39
5	33	0.30637	105.62419	16.60
6	33	0.30637	105.62142	16.95
7	33	0.30637	105.61864	17.00
8	33	0.30637	105.61586	17.17
9	33	0.30637	105.61308	17.46
10	33	0.30637	105.61031	18.02
11	33	0.30637	105.60753	18.50
12	33	0.30637	105.60475	17.83
13	33	0.30637	105.60197	17.28
14	33	0.30637	105.59919	17.06
15	33	0.30637	105.59642	16.99
16	33	0.30637	105.59364	16.95
17	33	0.30637	105.59086	16.86
18	33	0.30637	105.58808	16.80
19	33	0.30637	105.58530	16.79
20	33	0.30637	105.58253	16.61
21	33	0.30637	105.57975	16.40
22	33	0.30637	105.57697	16.31
23	33	0.30637	105.57419	16.15
24	33	0.30637	105.57142	16.06
25	33	0.30637	105.56864	15.97
26	33	0.30637	105.56586	15.84
27	33	0.30637	105.56308	15.81
28	33	0.30637	105.56030	15.79
29	33	0.30637	105.55753	15.84
30	33	0.30637	105.55475	15.78
31	33	0.30637	105.55197	16.11
32	33	0.30637	105.54919	16.18
33	33	0.30637	105.54642	15.77
34	33	0.30637	105.54364	15.59
35	33	0.30637	105.54086	15.75
36	33	0.30637	105.53808	15.98
37	33	0.30637	105.53530	15.98
38	33	0.30637	105.53253	15.60
39	33	0.30637	105.52975	15.18
40	33	0.30637	105.52697	14.90
41	33	0.30637	105.52419	14.50
42	33	0.30637	105.52141	14.15
43	33	0.30637	105.51864	14.05
44	33	0.30637	105.51586	14.00
45	33	0.30637	105.51308	13.96
46	33	0.30637	105.51030	14.17
47	33	0.30637	105.50753	14.49
48	33	0.30637	105.50475	14.59
49	33	0.30637	105.50197	14.71
0	34	0.30915	105.63808	16.62
1	34	0.30915	105.63531	16.71
2	34	0.30915	105.63253	16.91
3	34	0.30915	105.62975	16.68
4	34	0.30915	105.62697	16.39
5	34	0.30915	105.62419	16.58
6	34	0.30915	105.62142	16.93
7	34	0.30915	105.61864	17.24
8	34	0.30915	105.61586	17.57
9	34	0.30915	105.61308	17.55
10	34	0.30915	105.61031	17.67
11	34	0.30915	105.60753	17.82
12	34	0.30915	105.60475	17.42
13	34	0.30915	105.60197	17.08
14	34	0.30915	105.59919	16.90
15	34	0.30915	105.59642	16.93
16	34	0.30915	105.59364	16.96
17	34	0.30915	105.59086	16.95
18	34	0.30915	105.58808	16.94
19	34	0.30915	105.58530	16.80
20	34	0.30915	105.58253	16.54
21	34	0.30915	105.57975	16.40
22	34	0.30915	105.57697	16.36
23	34	0.30915	105.57419	16.18
24	34	0.30915	105.57142	16.00
25	34	0.30915	105.56864	16.01
26	34	0.30915	105.56586	15.92
27	34	0.30915	105.56308	15.85
28	34	0.30915	105.56030	15.82
29	34	0.30915	105.55753	15.87
30	34	0.30915	105.55475	16.07
31	34	0.30915	105.55197	16.31
32	34	0.30915	105.54919	16.13
33	34	0.30915	105.54642	15.75
34	34	0.30915	105.54364	15.61
35	34	0.30915	105.54086	15.66
36	34	0.30915	105.53808	15.89
37	34	0.30915	105.53530	15.80
38	34	0.30915	105.53253	15.40
39	34	0.30915	105.52975	15.06
40	34	0.30915	105.52697	14.77
41	34	0.30915	105.52419	14.47
42	34	0.30915	105.52141	14.16
43	34	0.30915	105.51864	13.92
44	34	0.30915	105.51586	13.84
45	34	0.30915	105.51308	13.85
46	34	0.30915	105.51030	14.11
47	34	0.30915	105.50753	14.43
48	34	0.30915	105.50475	14.53
49	34	0.30915	105.50197	14.63
0	35	0.31193	105.63808	16.90
1	35	0.31193	105.63531	16.95
2	35	0.31193	105.63253	17.26
3	35	0.31193	105.62975	16.91
4	35	0.31193	105.62697	16.64
5	35	0.31193	105.62419	16.95
6	35	0.31193	105.62142	17.27
7	35	0.31193	105.61864	17.54
8	35	0.31193	105.61586	17.83
9	35	0.31193	105.61308	17.76
10	35	0.31193	105.61031	17.61
11	35	0.31193	105.60753	17.34
12	35	0.31193	105.60475	17.06
13	35	0.31193	105.60197	16.86
14	35	0.31193	105.59919	16.73
15	35	0.31193	105.59642	16.82
16	35	0.31193	105.59364	16.97
17	35	0.31193	105.59086	17.04
18	35	0.31193	105.58808	17.00
19	35	0.31193	105.58530	16.70
20	35	0.31193	105.58253	16.42
21	35	0.31193	105.57975	16.31
22	35	0.31193	105.57697	16.28
23	35	0.31193	105.57419	16.19
24	35	0.31193	105.57142	15.95
25	35	0.31193	105.56864	15.93
26	35	0.31193	105.56586	15.97
27	35	0.31193	105.56308	16.05
28	35	0.31193	105.56030	16.07
29	35	0.31193	105.55753	16.15
30	35	0.31193	105.55475	16.39
31	35	0.31193	105.55197	16.28
32	35	0.31193	105.54919	15.98
33	35	0.31193	105.54642	15.69
34	35	0.31193	105.54364	15.60
35	35	0.31193	105.54086	15.69
36	35	0.31193	105.53808	15.79
37	35	0.31193	105.53530	15.55
38	35	0.31193	105.53253	15.17
39	35	0.31193	105.52975	14.91
40	35	0.31193	105.52697	14.61
41	35	0.31193	105.52419	14.38
42	35	0.31193	105.52141	14.21
43	35	0.31193	105.51864	14.05
44	35	0.31193	105.51586	13.99
45	35	0.31193	105.51308	14.02
46	35	0.31193	105.51030	14.20
47	35	0.31193	105.50753	14.43
48	35	0.31193	105.50475	14.55
49	35	0.31193	105.50197	14.68
0	36	0.31471	105.63808	17.20
1	36	0.31471	105.63531	17.15
2	36	0.31471	105.63253	17.49
3	36	0.31471	105.62975	17.30
4	36	0.31471	105.62697	17.20
5	36	0.31471	105.62419	17.64
6	36	0.31471	105.62142	17.86
7	36	0.31471	105.61864	17.88
8	36	0.31471	105.61586	17.98
9	36	0.31471	105.61308	17.92
10	36	0.31471	105.61031	17.68
11	36	0.31471	105.60753	17.30
12	36	0.31471	105.60475	16.97
13	36	0.31471	105.60197	16.69
14	36	0.31471	105.59919	16.60
15	36	0.31471	105.59642	16.76
16	36	0.31471	105.59364	17.01
17	36	0.31471	105.59086	17.03
18	36	0.31471	105.58808	16.89
19	36	0.31471	105.58530	16.56
20	36	0.31471	105.58253	16.34
21	36	0.31471	105.57975	16.31
22	36	0.31471	105.57697	16.32
23	36	0.31471	105.57419	16.22
24	36	0.31471	105.57142	15.98
25	36	0.31471	105.56864	15.85
26	36	0.31471	105.56586	15.87
27	36	0.31471	105.56308	15.92
28	36	0.31471	105.56030	16.15
29	36	0.31471	105.55753	16.38
30	36	0.31471	105.55475	16.41
31	36	0.31471	105.55197	16.27
32	36	0.31471	105.54919	16.10
33	36	0.31471	105.54642	15.82
34	36	0.31471	105.54364	15.59
35	36	0.31471	105.54086	15.53
36	36	0.31471	105.53808	15.51
37	36	0.31471	105.53530	15.31
38	36	0.31471	105.53253	15.01
39	36	0.31471	105.52975	14.75
40	36	0.31471	105.52697	14.55
41	36	0.31471	105.52419	14.40
42	36	0.31471	105.52141	14.26
43	36	0.31471	105.51864	14.18
44	36	0.31471	105.51586	14.18
45	36	0.31471	105.51308	14.26
46	36	0.31471	105.51030	14.42
47	36	0.31471	105.50753	14.58
48	36	0.31471	105.50475	14.63
49	36	0.31471	105.50197	14.75
0	37	0.31748	105.63808	17.36
1	37	0.31748	105.63531	17.20
2	37	0.31748	105.63253	17.60
3	37	0.31748	105.62975	17.79
4	37	0.31748	105.62697	17.85
5	37	0.31748	105.62419	18.37
6	37	0.31748	105.62142	18.53
7	37	0.31748	105.61864	18.32
8	37	0.31748	105.61586	18.22
9	37	0.31748	105.61308	17.98
10	37	0.31748	105.61031	17.59
11	37	0.31748	105.60753	17.24
12	37	0.31748	105.60475	16.98
13	37	0.31748	105.60197	16.64
14	37	0.31748	105.59919	16.51
15	37	0.31748	105.59642	16.67
16	37	0.31748	105.59364	16.90
17	37	0.31748	105.59086	16.95
18	37	0.31748	105.58808	16.87
19	37	0.31748	105.58530	16.75
20	37	0.31748	105.58253	16.54
21	37	0.31748	105.57975	16.32
22	37	0.31748	105.57697	16.23
23	37	0.31748	105.57419	16.13
24	37	0.31748	105.57142	16.03
25	37	0.31748	105.56864	15.89
26	37	0.31748	105.56586	15.87
27	37	0.31748	105.56308	15.80
28	37	0.31748	105.56030	16.19
29	37	0.31748	105.55753	16.48
30	37	0.31748	105.55475	16.35
31	37	0.31748	105.55197	16.29
32	37	0.31748	105.54919	16.12
33	37	0.31748	105.54642	15.76
34	37	0.31748	105.54364	15.61
35	37	0.31748	105.54086	15.27
36	37	0.31748	105.53808	15.06
37	37	0.31748	105.53530	14.95
38	37	0.31748	105.53253	14.86
39	37	0.31748	105.52975	14.72
40	37	0.31748	105.52697	14.55
41	37	0.31748	105.52419	14.47
42	37	0.31748	105.52141	14.30
43	37	0.31748	105.51864	14.24
44	37	0.31748	105.51586	14.32
45	37	0.31748	105.51308	14.45
46	37	0.31748	105.51030	14.62
47	37	0.31748	105.50753	14.69
48	37	0.31748	105.50475	14.74
49	37	0.31748	105.50197	14.86
0	38	0.32026	105.63808	17.68
1	38	0.32026	105.63531	17.50
2	38	0.32026	105.63253	17.98
3	38	0.32026	105.62975	18.43
4	38	0.32026	105.62697	18.71
5	38	0.32026	105.62419	19.26
6	38	0.32026	105.62142	19.28
7	38	0.32026	105.61864	18.68
8	38	0.32026	105.61586	18.36
9	38	0.32026	105.61308	18.06
10	38	0.32026	105.61031	17.54
11	38	0.32026	105.60753	17.11
12	38	0.32026	105.60475	16.92
13	38	0.32026	105.60197	16.71
14	38	0.32026	105.59919	16.61
15	38	0.32026	105.59642	16.71
16	38	0.32026	105.59364	16.83
17	38	0.32026	105.59086	16.92
18	38	0.32026	105.58808	16.94
19	38	0.32026	105.58530	16.98
20	38	0.32026	105.58253	16.80
21	38	0.32026	105.57975	16.39
22	38	0.32026	105.57697	16.24
23	38	0.32026	105.57419	16.11
24	38	0.32026	105.57142	16.05
25	38	0.32026	105.56864	15.91
26	38	0.32026	105.56586	15.99
27	38	0.32026	105.56308	16.09
28	38	0.32026	105.56030	16.32
29	38	0.32026	105.55753	16.38
30	38	0.32026	105.55475	16.22
31	38	0.32026	105.55197	16.10
32	38	0.32026	105.54919	15.88
33	38	0.32026	105.54642	15.65
34	38	0.32026	105.54364	15.66
35	38	0.32026	105.54086	15.34
36	38	0.32026	105.53808	15.05
37	38	0.32026	105.53530	14.74
38	38	0.32026	105.53253	14.67
39	38	0.32026	105.52975	14.65
40	38	0.32026	105.52697	14.53
41	38	0.32026	105.52419	14.52
42	38	0.32026	105.52141	14.29
43	38	0.32026	105.51864	14.18
44	38	0.32026	105.51586	14.31
45	38	0.32026	105.51308	14.50
46	38	0.32026	105.51030	14.68
47	38	0.32026	105.50753	14.72
48	38	0.32026	105.50475	14.78
49	38	0.32026	105.50197	14.85
0	39	0.32304	105.63808	18.79
1	39	0.32304	105.63531	18.67
2	39	0.32304	105.63253	19.17
3	39	0.32304	105.62975	19.50
4	39	0.32304	105.62697	19.69
5	39	0.32304	105.62419	19.86
6	39	0.32304	105.62142	19.65
7	39	0.32304	105.61864	18.89
8	39	0.32304	105.61586	18.41
9	39	0.32304	105.61308	18.22
10	39	0.32304	105.61031	17.91
11	39	0.32304	105.60753	17.59
12	39	0.32304	105.60475	17.46
13	39	0.32304	105.60197	17.25
14	39	0.32304	105.59919	17.04
15	39	0.32304	105.59642	16.98
16	39	0.32304	105.59364	16.95
17	39	0.32304	105.59086	17.02
18	39	0.32304	105.58808	17.13
19	39	0.32304	105.58530	16.99
20	39	0.32304	105.58253	16.65
21	39	0.32304	105.57975	16.39
22	39	0.32304	105.57697	16.37
23	39	0.32304	105.57419	16.17
24	39	0.32304	105.57142	16.02
25	39	0.32304	105.56864	15.84
26	39	0.32304	105.56586	15.89
27	39	0.32304	105.56308	16.06
28	39	0.32304	105.56030	16.15
29	39	0.32304	105.55753	16.13
30	39	0.32304	105.55475	15.94
31	39	0.32304	105.55197	15.77
32	39	0.32304	105.54919	15.62
33	39	0.32304	105.54642	15.50
34	39	0.32304	105.54364	15.51
35	39	0.32304	105.54086	15.42
36	39	0.32304	105.53808	15.12
37	39	0.32304	105.53530	14.75
38	39	0.32304	105.53253	14.49
39	39	0.32304	105.52975	14.40
40	39	0.32304	105.52697	14.36
41	39	0.32304	105.52419	14.38
42	39	0.32304	105.52141	14.21
43	39	0.32304	105.51864	14.13
44	39	0.32304	105.51586	14.23
45	39	0.32304	105.51308	14.43
46	39	0.32304	105.51030	14.67
47	39	0.32304	105.50753	14.75
48	39	0.32304	105.50475	14.79
49	39	0.32304	105.50197	14.84
0	40	0.32582	105.63808	19.98
1	40	0.32582	105.63531	20.11
2	40	0.32582	105.63253	20.67
3	40	0.32582	105.62975	21.20
4	40	0.32582	105.62697	21.08
5	40	0.32582	105.62419	20.61
6	40	0.32582	105.62142	20.05
7	40	0.32582	105.61864	19.35
8	40	0.32582	105.61586	18.94
9	40	0.32582	105.61308	18.68
10	40	0.32582	105.61031	18.44
11	40	0.32582	105.60753	18.31
12	40	0.32582	105.60475	18.21
13	40	0.32582	105.60197	17.85
14	40	0.32582	105.59919	17.48
15	40	0.32582	105.59642	17.31
16	40	0.32582	105.59364	17.19
17	40	0.32582	105.59086	17.17
18	40	0.32582	105.58808	17.16
19	40	0.32582	105.58530	16.81
20	40	0.32582	105.58253	16.38
21	40	0.32582	105.57975	16.25
22	40	0.32582	105.57697	16.24
23	40	0.32582	105.57419	15.96
24	40	0.32582	105.57142	15.79
25	40	0.32582	105.56864	15.74
26	40	0.32582	105.56586	15.76
27	40	0.32582	105.56308	15.97
28	40	0.32582	105.56030	16.06
29	40	0.32582	105.55753	15.99
30	40	0.32582	105.55475	15.90
31	40	0.32582	105.55197	15.71
32	40	0.32582	105.54919	15.57
33	40	0.32582	105.54642	15.50
34	40	0.32582	105.54364	15.41
35	40	0.32582	105.54086	15.27
36	40	0.32582	105.53808	14.94
37	40	0.32582	105.53530	14.75
38	40	0.32582	105.53253	14.53
39	40	0.32582	105.52975	14.26
40	40	0.32582	105.52697	14.16
41	40	0.32582	105.52419	14.17
42	40	0.32582	105.52141	14.15
43	40	0.32582	105.51864	14.17
44	40	0.32582	105.51586	14.30
45	40	0.32582	105.51308	14.45
46	40	0.32582	105.51030	14.65
47	40	0.32582	105.50753	14.81
48	40	0.32582	105.50475	14.89
49	40	0.32582	105.50197	14.93
0	41	0.32859	105.63808	20.46
1	41	0.32859	105.63531	21.25
2	41	0.32859	105.63253	21.87
3	41	0.32859	105.62975	22.90
4	41	0.32859	105.62697	22.70
5	41	0.32859	105.62419	21.62
6	41	0.32859	105.62142	20.69
7	41	0.32859	105.61864	19.95
8	41	0.32859	105.61586	19.58
9	41	0.32859	105.61308	19.23
10	41	0.32859	105.61031	18.70
11	41	0.32859	105.60753	18.35
12	41	0.32859	105.60475	18.19
13	41	0.32859	105.60197	17.90
14	41	0.32859	105.59919	17.57
15	41	0.32859	105.59642	17.33
16	41	0.32859	105.59364	17.14
17	41	0.32859	105.59086	16.98
18	41	0.32859	105.58808	16.79
19	41	0.32859	105.58530	16.47
20	41	0.32859	105.58253	16.17
21	41	0.32859	105.57975	15.97
22	41	0.32859	105.57697	15.90
23	41	0.32859	105.57419	15.75
24	41	0.32859	105.57142	15.56
25	41	0.32859	105.56864	15.55
26	41	0.32859	105.56586	15.62
27	41	0.32859	105.56308	15.81
28	41	0.32859	105.56030	15.94
29	41	0.32859	105.55753	15.82
30	41	0.32859	105.55475	15.76
31	41	0.32859	105.55197	15.63
32	41	0.32859	105.54919	15.42
33	41	0.32859	105.54642	15.30
34	41	0.32859	105.54364	15.22
35	41	0.32859	105.54086	15.14
36	41	0.32859	105.53808	14.85
37	41	0.32859	105.53530	14.67
38	41	0.32859	105.53253	14.57
39	41	0.32859	105.52975	14.30
40	41	0.32859	105.52697	14.09
41	41	0.32859	105.52419	14.09
42	41	0.32859	105.52141	14.13
43	41	0.32859	105.51864	14.26
44	41	0.32859	105.51586	14.42
45	41	0.32859	105.51308	14.55
46	41	0.32859	105.51030	14.73
47	41	0.32859	105.50753	14.91
48	41	0.32859	105.50475	14.96
49	41	0.32859	105.50197	14.91
0	42	0.33137	105.63808	21.06
1	42	0.33137	105.63531	22.28
2	42	0.33137	105.63253	23.69
3	42	0.33137	105.62975	26.13
4	42	0.33137	105.62697	25.23
5	42	0.33137	105.62419	22.63
6	42	0.33137	105.62142	20.74
7	42	0.33137	105.61864	20.04
8	42	0.33137	105.61586	19.62
9	42	0.33137	105.61308	19.26
10	42	0.33137	105.61031	18.58
11	42	0.33137	105.60753	18.06
12	42	0.33137	105.60475	17.87
13	42	0.33137	105.60197	17.69
14	42	0.33137	105.59919	17.48
15	42	0.33137	105.59642	17.13
16	42	0.33137	105.59364	16.77
17	42	0.33137	105.59086	16.54
18	42	0.33137	105.58808	16.35
19	42	0.33137	105.58530	16.16
20	42	0.33137	105.58253	15.98
21	42	0.33137	105.57975	15.79
22	42	0.33137	105.57697	15.70
23	42	0.33137	105.57419	15.68
24	42	0.33137	105.57142	15.53
25	42	0.33137	105.56864	15.50
26	42	0.33137	105.56586	15.45
27	42	0.33137	105.56308	15.52
28	42	0.33137	105.56030	15.67
29	42	0.33137	105.55753	15.70
30	42	0.33137	105.55475	15.63
31	42	0.33137	105.55197	15.51
32	42	0.33137	105.54919	15.31
33	42	0.33137	105.54642	15.17
34	42	0.33137	105.54364	15.08
35	42	0.33137	105.54086	14.93
36	42	0.33137	105.53808	14.80
37	42	0.33137	105.53530	14.54
38	42	0.33137	105.53253	14.41
39	42	0.33137	105.52975	14.28
40	42	0.33137	105.52697	14.15
41	42	0.33137	105.52419	14.14
42	42	0.33137	105.52141	14.23
43	42	0.33137	105.51864	14.39
44	42	0.33137	105.51586	14.50
45	42	0.33137	105.51308	14.60
46	42	0.33137	105.51030	14.78
47	42	0.33137	105.50753	14.93
48	42	0.33137	105.50475	14.94
49	42	0.33137	105.50197	14.90
0	43	0.33415	105.63808	22.04
1	43	0.33415	105.63531	23.40
2	43	0.33415	105.63253	26.21
3	43	0.33415	105.62975	28.79
4	43	0.33415	105.62697	26.35
5	43	0.33415	105.62419	22.86
6	43	0.33415	105.62142	21.36
7	43	0.33415	105.61864	20.41
8	43	0.33415	105.61586	19.67
9	43	0.33415	105.61308	19.19
10	43	0.33415	105.61031	18.43
11	43	0.33415	105.60753	17.84
12	43	0.33415	105.60475	17.58
13	43	0.33415	105.60197	17.29
14	43	0.33415	105.59919	17.16
15	43	0.33415	105.59642	16.98
16	43	0.33415	105.59364	16.66
17	43	0.33415	105.59086	16.42
18	43	0.33415	105.58808	16.24
19	43	0.33415	105.58530	16.04
20	43	0.33415	105.58253	15.89
21	43	0.33415	105.57975	15.79
22	43	0.33415	105.57697	15.68
23	43	0.33415	105.57419	15.71
24	43	0.33415	105.57142	15.71
25	43	0.33415	105.56864	15.71
26	43	0.33415	105.56586	15.57
27	43	0.33415	105.56308	15.57
28	43	0.33415	105.56030	15.48
29	43	0.33415	105.55753	15.56
30	43	0.33415	105.55475	15.58
31	43	0.33415	105.55197	15.42
32	43	0.33415	105.54919	15.24
33	43	0.33415	105.54642	15.15
34	43	0.33415	105.54364	15.11
35	43	0.33415	105.54086	14.96
36	43	0.33415	105.53808	14.83
37	43	0.33415	105.53530	14.53
38	43	0.33415	105.53253	14.33
39	43	0.33415	105.52975	14.23
40	43	0.33415	105.52697	14.19
41	43	0.33415	105.52419	14.20
42	43	0.33415	105.52141	14.33
43	43	0.33415	105.51864	14.44
44	43	0.33415	105.51586	14.52
45	43	0.33415	105.51308	14.65
46	43	0.33415	105.51030	14.80
47	43	0.33415	105.50753	14.88
48	43	0.33415	105.50475	14.94
49	43	0.33415	105.50197	15.01
0	44	0.33693	105.63808	22.70
1	44	0.33693	105.63531	24.97
2	44	0.33693	105.63253	28.35
3	44	0.33693	105.62975	30.68
4	44	0.33693	105.62697	27.52
5	44	0.33693	105.62419	23.72
6	44	0.33693	105.62142	21.76
7	44	0.33693	105.61864	20.75
8	44	0.33693	105.61586	20.03
9	44	0.33693	105.61308	19.26
10	44	0.33693	105.61031	18.36
11	44	0.33693	105.60753	17.69
12	44	0.33693	105.60475	17.30
13	44	0.33693	105.60197	16.97
14	44	0.33693	105.59919	16.76
15	44	0.33693	105.59642	16.65
16	44	0.33693	105.59364	16.50
17	44	0.33693	105.59086	16.37
18	44	0.33693	105.58808	16.23
19	44	0.33693	105.58530	16.05
20	44	0.33693	105.58253	15.87
21	44	0.33693	105.57975	15.73
22	44	0.33693	105.57697	15.61
23	44	0.33693	105.57419	15.59
24	44	0.33693	105.57142	15.66
25	44	0.33693	105.56864	15.82
26	44	0.33693	105.56586	15.62
27	44	0.33693	105.56308	15.58
28	44	0.33693	105.56030	15.48
29	44	0.33693	105.55753	15.47
30	44	0.33693	105.55475	15.49
31	44	0.33693	105.55197	15.41
32	44	0.33693	105.54919	15.31
33	44	0.33693	105.54642	15.20
34	44	0.33693	105.54364	15.17
35	44	0.33693	105.54086	15.08
36	44	0.33693	105.53808	14.90
37	44	0.33693	105.53530	14.66
38	44	0.33693	105.53253	14.45
39	44	0.33693	105.52975	14.27
40	44	0.33693	105.52697	14.23
41	44	0.33693	105.52419	14.22
42	44	0.33693	105.52141	14.32
43	44	0.33693	105.51864	14.42
44	44	0.33693	105.51586	14.50
45	44	0.33693	105.51308	14.63
46	44	0.33693	105.51030	14.78
47	44	0.33693	105.50753	14.84
48	44	0.33693	105.50475	14.97
49	44	0.33693	105.50197	15.03
0	45	0.33971	105.63808	23.59
1	45	0.33971	105.63531	26.44
2	45	0.33971	105.63253	29.44
3	45	0.33971	105.62975	28.22
4	45	0.33971	105.62697	25.22
5	45	0.33971	105.62419	23.44
6	45	0.33971	105.62142	22.07
7	45	0.33971	105.61864	21.04
8	45	0.33971	105.61586	20.32
9	45	0.33971	105.61308	19.25
10	45	0.33971	105.61031	18.26
11	45	0.33971	105.60753	17.61
12	45	0.33971	105.60475	17.09
13	45	0.33971	105.60197	16.73
14	45	0.33971	105.59919	16.51
15	45	0.33971	105.59642	16.35
16	45	0.33971	105.59364	16.25
17	45	0.33971	105.59086	16.21
18	45	0.33971	105.58808	16.16
19	45	0.33971	105.58530	16.05
20	45	0.33971	105.58253	15.98
21	45	0.33971	105.57975	15.84
22	45	0.33971	105.57697	15.71
23	45	0.33971	105.57419	15.59
24	45	0.33971	105.57142	15.53
25	45	0.33971	105.56864	15.78
26	45	0.33971	105.56586	15.84
27	45	0.33971	105.56308	15.69
28	45	0.33971	105.56030	15.51
29	45	0.33971	105.55753	15.55
30	45	0.33971	105.55475	15.45
31	45	0.33971	105.55197	15.39
32	45	0.33971	105.54919	15.36
33	45	0.33971	105.54642	15.23
34	45	0.33971	105.54364	15.14
35	45	0.33971	105.54086	15.00
36	45	0.33971	105.53808	14.76
37	45	0.33971	105.53530	14.66
38	45	0.33971	105.53253	14.56
39	45	0.33971	105.52975	14.41
40	45	0.33971	105.52697	14.37
41	45	0.33971	105.52419	14.33
42	45	0.33971	105.52141	14.38
43	45	0.33971	105.51864	14.47
44	45	0.33971	105.51586	14.52
45	45	0.33971	105.51308	14.58
46	45	0.33971	105.51030	14.71
47	45	0.33971	105.50753	14.76
48	45	0.33971	105.50475	14.86
49	45	0.33971	105.50197	14.95
0	46	0.34248	105.63808	23.15
1	46	0.34248	105.63531	25.43
2	46	0.34248	105.63253	27.83
3	46	0.34248	105.62975	27.08
4	46	0.34248	105.62697	24.16
5	46	0.34248	105.62419	22.52
6	46	0.34248	105.62142	22.17
7	46	0.34248	105.61864	21.49
8	46	0.34248	105.61586	20.49
9	46	0.34248	105.61308	19.20
10	46	0.34248	105.61031	18.25
11	46	0.34248	105.60753	17.68
12	46	0.34248	105.60475	17.05
13	46	0.34248	105.60197	16.61
14	46	0.34248	105.59919	16.39
15	46	0.34248	105.59642	16.25
16	46	0.34248	105.59364	16.14
17	46	0.34248	105.59086	16.08
18	46	0.34248	105.58808	16.05
19	46	0.34248	105.58530	15.95
20	46	0.34248	105.58253	15.87
21	46	0.34248	105.57975	15.82
22	46	0.34248	105.57697	15.73
23	46	0.34248	105.57419	15.64
24	46	0.34248	105.57142	15.57
25	46	0.34248	105.56864	15.59
26	46	0.34248	105.56586	15.73
27	46	0.34248	105.56308	15.65
28	46	0.34248	105.56030	15.44
29	46	0.34248	105.55753	15.50
30	46	0.34248	105.55475	15.39
31	46	0.34248	105.55197	15.40
32	46	0.34248	105.54919	15.35
33	46	0.34248	105.54642	15.21
34	46	0.34248	105.54364	15.09
35	46	0.34248	105.54086	14.94
36	46	0.34248	105.53808	14.73
37	46	0.34248	105.53530	14.66
38	46	0.34248	105.53253	14.63
39	46	0.34248	105.52975	14.52
40	46	0.34248	105.52697	14.48
41	46	0.34248	105.52419	14.47
42	46	0.34248	105.52141	14.44
43	46	0.34248	105.51864	14.45
44	46	0.34248	105.51586	14.51
45	46	0.34248	105.51308	14.56
46	46	0.34248	105.51030	14.68
47	46	0.34248	105.50753	14.75
48	46	0.34248	105.50475	14.83
49	46	0.34248	105.50197	14.94
